CastaliaResults -i 230430-225432.txt -s remaining --all -c 95                                                              

ResourceManager:Remaining Energy
+-----------------------+----------+----------+----------+----------+----------+----------+----------+----------+----------+----------+----------+----------+----------+----------+----------+----------+----------+----------+----------+----------+----------+----------+----------+----------+----------+----------+----------+----------+----------+----------+----------+----------+----------+----------+----------+----------+----------+----------+----------+----------+----------+----------+----------+----------+----------+----------+----------+----------+----------+----------+
|                       | 0=0      | 0=1      | 0=2      | 0=3      | 0=4      | 0=6      | 0=7      | 0=8      | 0=9      | 0=10     | 0=11     | 0=12     | 0=13     | 0=14     | 0=15     | 0=16     | 0=17     | 0=18     | 0=19     | 0=20     | 0=21     | 0=22     | 0=23     | 0=24     | 0=25     | 0=26     | 0=27     | 0=28     | 0=29     | 0=30     | 0=31     | 0=32     | 0=33     | 0=34     | 0=35     | 0=36     | 0=37     | 0=38     | 0=39     | 0=40     | 0=41     | 0=42     | 0=43     | 0=44     | 0=45     | 0=46     | 0=47     | 0=48     | 0=49     | 0=50     |
+-----------------------+----------+----------+----------+----------+----------+----------+----------+----------+----------+----------+----------+----------+----------+----------+----------+----------+----------+----------+----------+----------+----------+----------+----------+----------+----------+----------+----------+----------+----------+----------+----------+----------+----------+----------+----------+----------+----------+----------+----------+----------+----------+----------+----------+----------+----------+----------+----------+----------+----------+----------+
| BypassMAC,period=600  | 29755.2  | 29755.2  | 29755.2  | 29755.2  | 29755.2  | 29755.2  | 29755.2  | 29755.2  | 29755.2  | 29755.2  | 29755.2  | 29755.2  | 29755.2  | 29755.2  | 29755.2  | 29755.2  | 29755.2  | 29755.2  | 29755.2  | 29755.2  | 29755.2  | 29755.2  | 29755.2  | 29755.2  | 29755.2  | 29755.2  | 29755.2  | 29755.2  | 29755.2  | 29755.2  | 29755.2  | 29755.2  | 29755.2  | 29755.2  | 29755.2  | 29755.2  | 29755.2  | 29755.2  | 29755.2  | 29755.2  | 29755.2  | 29755.2  | 29755.2  | 29755.2  | 29755.2  | 29755.2  | 29755.2  | 29755.2  | 29755.2  | 29755.2  |
| BypassMAC,period=900  | 29755.2  | 29755.2  | 29755.2  | 29755.2  | 29755.2  | 29755.2  | 29755.2  | 29755.2  | 29755.2  | 29755.2  | 29755.2  | 29755.2  | 29755.2  | 29755.2  | 29755.2  | 29755.2  | 29755.2  | 29755.2  | 29755.2  | 29755.2  | 29755.2  | 29755.2  | 29755.2  | 29755.2  | 29755.2  | 29755.2  | 29755.2  | 29755.2  | 29755.2  | 29755.2  | 29755.2  | 29755.2  | 29755.2  | 29755.2  | 29755.2  | 29755.2  | 29755.2  | 29755.2  | 29755.2  | 29755.2  | 29755.2  | 29755.2  | 29755.2  | 29755.2  | 29755.2  | 29755.2  | 29755.2  | 29755.2  | 29755.2  | 29755.2  |
| BypassMAC,period=1200 | 29755.2  | 29755.2  | 29755.2  | 29755.2  | 29755.2  | 29755.2  | 29755.2  | 29755.2  | 29755.2  | 29755.2  | 29755.2  | 29755.2  | 29755.2  | 29755.2  | 29755.2  | 29755.2  | 29755.2  | 29755.2  | 29755.2  | 29755.2  | 29755.2  | 29755.2  | 29755.2  | 29755.2  | 29755.2  | 29755.2  | 29755.2  | 29755.2  | 29755.2  | 29755.2  | 29755.2  | 29755.2  | 29755.2  | 29755.2  | 29755.2  | 29755.2  | 29755.2  | 29755.2  | 29755.2  | 29755.2  | 29755.2  | 29755.2  | 29755.2  | 29755.2  | 29755.2  | 29755.2  | 29755.2  | 29755.2  | 29755.2  | 29755.2  |
| BypassMAC,period=1500 | 29755.2  | 29755.2  | 29755.2  | 29755.2  | 29755.2  | 29755.2  | 29755.2  | 29755.2  | 29755.2  | 29755.2  | 29755.2  | 29755.2  | 29755.2  | 29755.2  | 29755.2  | 29755.2  | 29755.2  | 29755.2  | 29755.2  | 29755.2  | 29755.2  | 29755.2  | 29755.2  | 29755.2  | 29755.2  | 29755.2  | 29755.2  | 29755.2  | 29755.2  | 29755.2  | 29755.2  | 29755.2  | 29755.2  | 29755.2  | 29755.2  | 29755.2  | 29755.2  | 29755.2  | 29755.2  | 29755.2  | 29755.2  | 29755.2  | 29755.2  | 29755.2  | 29755.2  | 29755.2  | 29755.2  | 29755.2  | 29755.2  | 29755.2  |
| BypassMAC,period=1800 | 29755.2  | 29755.2  | 29755.2  | 29755.2  | 29755.2  | 29755.2  | 29755.2  | 29755.2  | 29755.2  | 29755.2  | 29755.2  | 29755.2  | 29755.2  | 29755.2  | 29755.2  | 29755.2  | 29755.2  | 29755.2  | 29755.2  | 29755.2  | 29755.2  | 29755.2  | 29755.2  | 29755.2  | 29755.2  | 29755.2  | 29755.2  | 29755.2  | 29755.2  | 29755.2  | 29755.2  | 29755.2  | 29755.2  | 29755.2  | 29755.2  | 29755.2  | 29755.2  | 29755.2  | 29755.2  | 29755.2  | 29755.2  | 29755.2  | 29755.2  | 29755.2  | 29755.2  | 29755.2  | 29755.2  | 29755.2  | 29755.2  | 29755.2  |
| EERIMAC,period=600    | 29927.32 | 29927.34 | 29927.38 | 29927.34 | 29927.36 | 29927.4  | 29927.38 | 29927.36 | 29927.38 | 29927.38 | 29904.68 | 29927.36 | 29927.44 | 29927.38 | 29927.36 | 29927.4  | 29927.38 | 29927.4  | 29927.38 | 29927.4  | 29927.42 | 29927.38 | 29927.38 | 29927.36 | 29927.4  | 29927.34 | 29927.4  | 29927.36 | 29927.36 | 29927.4  | 29927.4  | 29927.38 | 29927.36 | 29927.36 | 29927.36 | 29904.62 | 29904.64 | 29927.42 | 29927.38 | 29927.36 | 29927.4  | 29927.42 | 29927.4  | 29927.42 | 29927.4  | 29927.36 | 29904.62 | 29927.34 | 29927.4  | 29927.38 |
| EERIMAC,period=900    | 29931.02 | 29931    | 29931    | 29931    | 29931.02 | 29931.04 | 29931    | 29931.02 | 29910.54 | 29931.02 | 29931.04 | 29930.96 | 29931.04 | 29931    | 29931.02 | 29931    | 29931    | 29910.58 | 29910.58 | 29931    | 29931.02 | 29931.02 | 29931    | 29930.98 | 29931.04 | 29931.02 | 29931.02 | 29931.02 | 29931    | 29931    | 29931    | 29931    | 29931.04 | 29931    | 29910.58 | 29910.56 | 29931    | 29931.02 | 29931.02 | 29930.98 | 29931.02 | 29931    | 29931.02 | 29931.02 | 29931.02 | 29931    | 29930.98 | 29931    | 29931.04 | 29931.04 |
| EERIMAC,period=1200   | 29934.62 | 29934.6  | 29934.64 | 29934.62 | 29934.64 | 29934.62 | 29934.62 | 29934.64 | 29934.64 | 29934.62 | 29934.64 | 29934.62 | 29934.66 | 29934.6  | 29934.64 | 29916.46 | 29934.64 | 29934.64 | 29934.64 | 29934.64 | 29934.66 | 29934.62 | 29934.64 | 29934.62 | 29934.64 | 29934.6  | 29934.64 | 29916.44 | 29934.62 | 29934.64 | 29934.66 | 29934.62 | 29934.68 | 29934.6  | 29934.62 | 29934.6  | 29934.62 | 29934.66 | 29934.66 | 29934.58 | 29934.64 | 29934.64 | 29916.46 | 29934.68 | 29934.62 | 29934.66 | 29934.6  | 29934.64 | 29934.64 | 29934.64 |
| EERIMAC,period=1500   | 29938.22 | 29938.2  | 29938.26 | 29938.24 | 29922.32 | 29938.2  | 29938.16 | 29938.24 | 29938.24 | 29938.2  | 29938.24 | 29938.2  | 29938.28 | 29938.22 | 29938.2  | 29922.36 | 29938.2  | 29938.24 | 29938.2  | 29938.24 | 29938.22 | 29938.2  | 29938.22 | 29938.22 | 29938.22 | 29938.2  | 29938.24 | 29938.18 | 29938.2  | 29938.24 | 29938.28 | 29938.22 | 29938.24 | 29938.2  | 29922.3  | 29938.22 | 29938.2  | 29938.24 | 29938.26 | 29938.18 | 29938.26 | 29938.2  | 29938.22 | 29938.26 | 29938.26 | 29922.34 | 29922.28 | 29922.3  | 29938.28 | 29922.32 |
| EERIMAC,period=1800   | 29941.82 | 29941.78 | 29941.86 | 29941.86 | 29941.86 | 29941.86 | 29941.82 | 29941.86 | 29941.88 | 29941.86 | 29941.84 | 29941.78 | 29941.88 | 29941.8  | 29941.84 | 29941.86 | 29941.84 | 29928.2  | 29941.82 | 29941.88 | 29941.84 | 29928.2  | 29941.82 | 29941.82 | 29941.82 | 29941.82 | 29928.2  | 29928.2  | 29941.8  | 29941.84 | 29941.86 | 29941.84 | 29941.86 | 29928.2  | 29941.86 | 29928.2  | 29941.82 | 29941.9  | 29941.84 | 29941.8  | 29941.82 | 29941.84 | 29941.84 | 29941.86 | 29941.86 | 29941.84 | 29941.84 | 29941.8  | 29941.88 | 29941.86 |
| RIMAC,period=600      | 29859.16 | 29859.18 | 29859.2  | 29859.18 | 29859.2  | 29859.22 | 29859.2  | 29859.18 | 29859.22 | 29859.2  | 29859.24 | 29859.18 | 29859.28 | 29859.22 | 29859.2  | 29859.24 | 29859.22 | 29859.22 | 29859.2  | 29859.24 | 29859.24 | 29859.18 | 29859.2  | 29859.2  | 29859.24 | 29859.18 | 29859.2  | 29859.2  | 29859.18 | 29859.22 | 29859.22 | 29859.2  | 29859.2  | 29859.2  | 29859.18 | 29859.16 | 29859.2  | 29859.26 | 29859.2  | 29859.2  | 29859.22 | 29859.22 | 29859.22 | 29859.26 | 29859.24 | 29859.16 | 29859.18 | 29859.16 | 29859.24 | 29859.2  |
| RIMAC,period=900      | 29869.68 | 29869.64 | 29869.64 | 29869.62 | 29869.64 | 29869.68 | 29869.64 | 29869.68 | 29869.64 | 29869.68 | 29869.66 | 29869.62 | 29869.68 | 29869.64 | 29869.66 | 29869.64 | 29869.62 | 29869.68 | 29869.66 | 29869.62 | 29869.66 | 29869.66 | 29869.62 | 29869.6  | 29869.68 | 29869.64 | 29869.64 | 29869.68 | 29869.64 | 29869.64 | 29869.62 | 29869.66 | 29869.66 | 29869.62 | 29869.68 | 29869.66 | 29869.68 | 29869.66 | 29869.66 | 29869.64 | 29869.64 | 29869.64 | 29869.66 | 29869.68 | 29869.64 | 29869.64 | 29869.62 | 29869.64 | 29869.7  | 29869.66 |
| RIMAC,period=1200     | 29880.08 | 29880.06 | 29880.1  | 29880.08 | 29880.1  | 29880.08 | 29880.08 | 29880.1  | 29880.1  | 29880.08 | 29880.1  | 29880.08 | 29880.12 | 29880.06 | 29880.1  | 29880.1  | 29880.1  | 29880.1  | 29880.1  | 29880.1  | 29880.12 | 29880.08 | 29880.1  | 29880.08 | 29880.1  | 29880.06 | 29880.1  | 29880.08 | 29880.08 | 29880.1  | 29880.12 | 29880.08 | 29880.14 | 29880.06 | 29880.08 | 29880.06 | 29880.08 | 29880.12 | 29880.12 | 29880.04 | 29880.1  | 29880.1  | 29880.1  | 29880.14 | 29880.08 | 29880.12 | 29880.06 | 29880.1  | 29880.1  | 29880.1  |
| RIMAC,period=1500     | 29890.5  | 29890.48 | 29890.52 | 29890.52 | 29890.5  | 29890.48 | 29890.46 | 29890.5  | 29890.5  | 29890.5  | 29890.48 | 29890.48 | 29890.54 | 29890.48 | 29890.46 | 29890.54 | 29890.48 | 29890.54 | 29890.5  | 29890.52 | 29890.5  | 29890.48 | 29890.46 | 29890.5  | 29890.5  | 29890.46 | 29890.5  | 29890.46 | 29890.46 | 29890.52 | 29890.52 | 29890.5  | 29890.5  | 29890.48 | 29890.48 | 29890.5  | 29890.5  | 29890.54 | 29890.52 | 29890.48 | 29890.54 | 29890.48 | 29890.52 | 29890.54 | 29890.54 | 29890.52 | 29890.46 | 29890.46 | 29890.54 | 29890.52 |
| RIMAC,period=1800     | 29900.92 | 29900.9  | 29900.96 | 29900.96 | 29900.94 | 29900.96 | 29900.94 | 29900.94 | 29900.96 | 29900.98 | 29900.92 | 29900.9  | 29900.96 | 29900.9  | 29900.94 | 29900.94 | 29900.94 | 29900.94 | 29900.92 | 29900.96 | 29900.94 | 29900.92 | 29900.92 | 29900.92 | 29900.92 | 29900.92 | 29900.92 | 29900.94 | 29900.9  | 29900.94 | 29900.96 | 29900.92 | 29900.96 | 29900.94 | 29900.94 | 29900.92 | 29900.94 | 29900.98 | 29900.92 | 29900.92 | 29900.92 | 29900.96 | 29900.96 | 29900.96 | 29900.94 | 29900.92 | 29900.94 | 29900.92 | 29900.98 | 29900.96 |
| SWPTMAC,period=600    | 29919.86 | 29919.94 | 29919.84 | 29920.2  | 29919.48 | 29920.12 | 29920.06 | 29919.58 | 29920.04 | 29919.8  | 29897.2  | 29919.86 | 29920.12 | 29919.94 | 29919.76 | 29919.74 | 29919.9  | 29919.96 | 29920.1  | 29919.78 | 29919.6  | 29919.72 | 29920.06 | 29919.9  | 29919.62 | 29919.9  | 29920.32 | 29919.94 | 29919.98 | 29919.66 | 29919.74 | 29919.82 | 29919.9  | 29919.74 | 29920.08 | 29897.18 | 29897.2  | 29919.9  | 29920.12 | 29919.96 | 29920.1  | 29919.48 | 29919.92 | 29919.76 | 29919.76 | 29919.88 | 29896.68 | 29919.58 | 29919.72 | 29919.78 |
| SWPTMAC,period=900    | 29928.12 | 29928.02 | 29928.18 | 29928.08 | 29928.3  | 29928.26 | 29928.08 | 29927.94 | 29907.82 | 29928.18 | 29928.2  | 29927.88 | 29928.52 | 29928.22 | 29928.14 | 29927.9  | 29927.94 | 29907.74 | 29907.94 | 29928    | 29928.16 | 29928.4  | 29928.24 | 29927.7  | 29928.14 | 29928.04 | 29928.22 | 29927.88 | 29928.14 | 29928    | 29928.08 | 29927.96 | 29927.88 | 29928.2  | 29907.72 | 29907.62 | 29928.08 | 29928.08 | 29927.98 | 29927.96 | 29928.44 | 29928.06 | 29928.34 | 29927.92 | 29928.08 | 29927.9  | 29928.22 | 29928    | 29927.98 | 29927.88 |
| SWPTMAC,period=1200   | 29936.24 | 29936.36 | 29936.24 | 29936.32 | 29936.34 | 29936.74 | 29936.34 | 29936.32 | 29936.3  | 29936.44 | 29936.4  | 29936.32 | 29936.5  | 29936.26 | 29936.5  | 29918.06 | 29936.38 | 29936.44 | 29936.34 | 29936.5  | 29936.46 | 29935.96 | 29936.52 | 29936.24 | 29936.36 | 29936.34 | 29936.1  | 29918.04 | 29936.26 | 29936.48 | 29936.32 | 29936.4  | 29936.3  | 29936.18 | 29936.16 | 29936.16 | 29936.06 | 29936.38 | 29936.46 | 29936.2  | 29936.44 | 29936.24 | 29918.34 | 29936.38 | 29936.26 | 29936.54 | 29936.42 | 29936.46 | 29936.48 | 29936.36 |
| SWPTMAC,period=1500   | 29944.6  | 29944.58 | 29944.5  | 29944.74 | 29928.6  | 29944.44 | 29944.44 | 29944.52 | 29944.54 | 29944.48 | 29944.54 | 29944.58 | 29944.7  | 29944.62 | 29944.58 | 29928.58 | 29944.48 | 29944.62 | 29944.54 | 29944.6  | 29944.68 | 29944.5  | 29944.66 | 29944.6  | 29944.6  | 29944.56 | 29944.7  | 29944.46 | 29944.44 | 29944.62 | 29944.64 | 29944.64 | 29944.52 | 29944.76 | 29928.74 | 29944.64 | 29944.6  | 29944.42 | 29944.74 | 29944.52 | 29944.54 | 29944.64 | 29944.7  | 29944.62 | 29944.6  | 29928.62 | 29928.66 | 29928.78 | 29944.66 | 29928.72 |
| SWPTMAC,period=1800   | 29949.18 | 29949.14 | 29949.2  | 29949.18 | 29949.2  | 29949.2  | 29949.14 | 29949.18 | 29949.18 | 29949.2  | 29949.18 | 29949.14 | 29949.2  | 29949.14 | 29949.16 | 29949.18 | 29949.18 | 29935.52 | 29949.14 | 29949.2  | 29949.2  | 29935.54 | 29949.16 | 29949.18 | 29949.18 | 29949.16 | 29935.54 | 29935.54 | 29949.14 | 29949.18 | 29949.18 | 29949.16 | 29949.18 | 29935.52 | 29949.18 | 29935.54 | 29949.16 | 29949.2  | 29949.18 | 29949.14 | 29949.14 | 29949.18 | 29949.16 | 29949.18 | 29949.2  | 29949.18 | 29949.18 | 29949.14 | 29949.2  | 29949.18 |
+-----------------------+----------+----------+----------+----------+----------+----------+----------+----------+----------+----------+----------+----------+----------+----------+----------+----------+----------+----------+----------+----------+----------+----------+----------+----------+----------+----------+----------+----------+----------+----------+----------+----------+----------+----------+----------+----------+----------+----------+----------+----------+----------+----------+----------+----------+----------+----------+----------+----------+----------+----------+
ResourceManager:Remaining Energy - all values
+-------------------------+----------+----------+----------+----------+----------+----------+----------+----------+----------+----------+----------+----------+----------+----------+----------+----------+----------+----------+----------+----------+----------+----------+----------+----------+----------+----------+----------+----------+----------+----------+----------+----------+----------+----------+----------+----------+----------+----------+----------+----------+----------+----------+----------+----------+----------+----------+----------+----------+----------+----------+
|                         | 0=0      | 0=1      | 0=2      | 0=3      | 0=4      | 0=6      | 0=7      | 0=8      | 0=9      | 0=10     | 0=11     | 0=12     | 0=13     | 0=14     | 0=15     | 0=16     | 0=17     | 0=18     | 0=19     | 0=20     | 0=21     | 0=22     | 0=23     | 0=24     | 0=25     | 0=26     | 0=27     | 0=28     | 0=29     | 0=30     | 0=31     | 0=32     | 0=33     | 0=34     | 0=35     | 0=36     | 0=37     | 0=38     | 0=39     | 0=40     | 0=41     | 0=42     | 0=43     | 0=44     | 0=45     | 0=46     | 0=47     | 0=48     | 0=49     | 0=50     |
+-------------------------+----------+----------+----------+----------+----------+----------+----------+----------+----------+----------+----------+----------+----------+----------+----------+----------+----------+----------+----------+----------+----------+----------+----------+----------+----------+----------+----------+----------+----------+----------+----------+----------+----------+----------+----------+----------+----------+----------+----------+----------+----------+----------+----------+----------+----------+----------+----------+----------+----------+----------+
| BypassMAC,period=600 0  | 29755.2  | 29755.2  | 29755.2  | 29755.2  | 29755.2  | 29755.2  | 29755.2  | 29755.2  | 29755.2  | 29755.2  | 29755.2  | 29755.2  | 29755.2  | 29755.2  | 29755.2  | 29755.2  | 29755.2  | 29755.2  | 29755.2  | 29755.2  | 29755.2  | 29755.2  | 29755.2  | 29755.2  | 29755.2  | 29755.2  | 29755.2  | 29755.2  | 29755.2  | 29755.2  | 29755.2  | 29755.2  | 29755.2  | 29755.2  | 29755.2  | 29755.2  | 29755.2  | 29755.2  | 29755.2  | 29755.2  | 29755.2  | 29755.2  | 29755.2  | 29755.2  | 29755.2  | 29755.2  | 29755.2  | 29755.2  | 29755.2  | 29755.2  |
| BypassMAC,period=900 0  | 29755.2  | 29755.2  | 29755.2  | 29755.2  | 29755.2  | 29755.2  | 29755.2  | 29755.2  | 29755.2  | 29755.2  | 29755.2  | 29755.2  | 29755.2  | 29755.2  | 29755.2  | 29755.2  | 29755.2  | 29755.2  | 29755.2  | 29755.2  | 29755.2  | 29755.2  | 29755.2  | 29755.2  | 29755.2  | 29755.2  | 29755.2  | 29755.2  | 29755.2  | 29755.2  | 29755.2  | 29755.2  | 29755.2  | 29755.2  | 29755.2  | 29755.2  | 29755.2  | 29755.2  | 29755.2  | 29755.2  | 29755.2  | 29755.2  | 29755.2  | 29755.2  | 29755.2  | 29755.2  | 29755.2  | 29755.2  | 29755.2  | 29755.2  |
| BypassMAC,period=1200 0 | 29755.2  | 29755.2  | 29755.2  | 29755.2  | 29755.2  | 29755.2  | 29755.2  | 29755.2  | 29755.2  | 29755.2  | 29755.2  | 29755.2  | 29755.2  | 29755.2  | 29755.2  | 29755.2  | 29755.2  | 29755.2  | 29755.2  | 29755.2  | 29755.2  | 29755.2  | 29755.2  | 29755.2  | 29755.2  | 29755.2  | 29755.2  | 29755.2  | 29755.2  | 29755.2  | 29755.2  | 29755.2  | 29755.2  | 29755.2  | 29755.2  | 29755.2  | 29755.2  | 29755.2  | 29755.2  | 29755.2  | 29755.2  | 29755.2  | 29755.2  | 29755.2  | 29755.2  | 29755.2  | 29755.2  | 29755.2  | 29755.2  | 29755.2  |
| BypassMAC,period=1500 0 | 29755.2  | 29755.2  | 29755.2  | 29755.2  | 29755.2  | 29755.2  | 29755.2  | 29755.2  | 29755.2  | 29755.2  | 29755.2  | 29755.2  | 29755.2  | 29755.2  | 29755.2  | 29755.2  | 29755.2  | 29755.2  | 29755.2  | 29755.2  | 29755.2  | 29755.2  | 29755.2  | 29755.2  | 29755.2  | 29755.2  | 29755.2  | 29755.2  | 29755.2  | 29755.2  | 29755.2  | 29755.2  | 29755.2  | 29755.2  | 29755.2  | 29755.2  | 29755.2  | 29755.2  | 29755.2  | 29755.2  | 29755.2  | 29755.2  | 29755.2  | 29755.2  | 29755.2  | 29755.2  | 29755.2  | 29755.2  | 29755.2  | 29755.2  |
| BypassMAC,period=1800 0 | 29755.2  | 29755.2  | 29755.2  | 29755.2  | 29755.2  | 29755.2  | 29755.2  | 29755.2  | 29755.2  | 29755.2  | 29755.2  | 29755.2  | 29755.2  | 29755.2  | 29755.2  | 29755.2  | 29755.2  | 29755.2  | 29755.2  | 29755.2  | 29755.2  | 29755.2  | 29755.2  | 29755.2  | 29755.2  | 29755.2  | 29755.2  | 29755.2  | 29755.2  | 29755.2  | 29755.2  | 29755.2  | 29755.2  | 29755.2  | 29755.2  | 29755.2  | 29755.2  | 29755.2  | 29755.2  | 29755.2  | 29755.2  | 29755.2  | 29755.2  | 29755.2  | 29755.2  | 29755.2  | 29755.2  | 29755.2  | 29755.2  | 29755.2  |
| EERIMAC,period=600 0    | 29927.32 | 29927.34 | 29927.38 | 29927.34 | 29927.36 | 29927.4  | 29927.38 | 29927.36 | 29927.38 | 29927.38 | 29904.68 | 29927.36 | 29927.44 | 29927.38 | 29927.36 | 29927.4  | 29927.38 | 29927.4  | 29927.38 | 29927.4  | 29927.42 | 29927.38 | 29927.38 | 29927.36 | 29927.4  | 29927.34 | 29927.4  | 29927.36 | 29927.36 | 29927.4  | 29927.4  | 29927.38 | 29927.36 | 29927.36 | 29927.36 | 29904.62 | 29904.64 | 29927.42 | 29927.38 | 29927.36 | 29927.4  | 29927.42 | 29927.4  | 29927.42 | 29927.4  | 29927.36 | 29904.62 | 29927.34 | 29927.4  | 29927.38 |
| EERIMAC,period=900 0    | 29931.02 | 29931    | 29931    | 29931    | 29931.02 | 29931.04 | 29931    | 29931.02 | 29910.54 | 29931.02 | 29931.04 | 29930.96 | 29931.04 | 29931    | 29931.02 | 29931    | 29931    | 29910.58 | 29910.58 | 29931    | 29931.02 | 29931.02 | 29931    | 29930.98 | 29931.04 | 29931.02 | 29931.02 | 29931.02 | 29931    | 29931    | 29931    | 29931    | 29931.04 | 29931    | 29910.58 | 29910.56 | 29931    | 29931.02 | 29931.02 | 29930.98 | 29931.02 | 29931    | 29931.02 | 29931.02 | 29931.02 | 29931    | 29930.98 | 29931    | 29931.04 | 29931.04 |
| EERIMAC,period=1200 0   | 29934.62 | 29934.6  | 29934.64 | 29934.62 | 29934.64 | 29934.62 | 29934.62 | 29934.64 | 29934.64 | 29934.62 | 29934.64 | 29934.62 | 29934.66 | 29934.6  | 29934.64 | 29916.46 | 29934.64 | 29934.64 | 29934.64 | 29934.64 | 29934.66 | 29934.62 | 29934.64 | 29934.62 | 29934.64 | 29934.6  | 29934.64 | 29916.44 | 29934.62 | 29934.64 | 29934.66 | 29934.62 | 29934.68 | 29934.6  | 29934.62 | 29934.6  | 29934.62 | 29934.66 | 29934.66 | 29934.58 | 29934.64 | 29934.64 | 29916.46 | 29934.68 | 29934.62 | 29934.66 | 29934.6  | 29934.64 | 29934.64 | 29934.64 |
| EERIMAC,period=1500 0   | 29938.22 | 29938.2  | 29938.26 | 29938.24 | 29922.32 | 29938.2  | 29938.16 | 29938.24 | 29938.24 | 29938.2  | 29938.24 | 29938.2  | 29938.28 | 29938.22 | 29938.2  | 29922.36 | 29938.2  | 29938.24 | 29938.2  | 29938.24 | 29938.22 | 29938.2  | 29938.22 | 29938.22 | 29938.22 | 29938.2  | 29938.24 | 29938.18 | 29938.2  | 29938.24 | 29938.28 | 29938.22 | 29938.24 | 29938.2  | 29922.3  | 29938.22 | 29938.2  | 29938.24 | 29938.26 | 29938.18 | 29938.26 | 29938.2  | 29938.22 | 29938.26 | 29938.26 | 29922.34 | 29922.28 | 29922.3  | 29938.28 | 29922.32 |
| EERIMAC,period=1800 0   | 29941.82 | 29941.78 | 29941.86 | 29941.86 | 29941.86 | 29941.86 | 29941.82 | 29941.86 | 29941.88 | 29941.86 | 29941.84 | 29941.78 | 29941.88 | 29941.8  | 29941.84 | 29941.86 | 29941.84 | 29928.2  | 29941.82 | 29941.88 | 29941.84 | 29928.2  | 29941.82 | 29941.82 | 29941.82 | 29941.82 | 29928.2  | 29928.2  | 29941.8  | 29941.84 | 29941.86 | 29941.84 | 29941.86 | 29928.2  | 29941.86 | 29928.2  | 29941.82 | 29941.9  | 29941.84 | 29941.8  | 29941.82 | 29941.84 | 29941.84 | 29941.86 | 29941.86 | 29941.84 | 29941.84 | 29941.8  | 29941.88 | 29941.86 |
| RIMAC,period=600 0      | 29859.16 | 29859.18 | 29859.2  | 29859.18 | 29859.2  | 29859.22 | 29859.2  | 29859.18 | 29859.22 | 29859.2  | 29859.24 | 29859.18 | 29859.28 | 29859.22 | 29859.2  | 29859.24 | 29859.22 | 29859.22 | 29859.2  | 29859.24 | 29859.24 | 29859.18 | 29859.2  | 29859.2  | 29859.24 | 29859.18 | 29859.2  | 29859.2  | 29859.18 | 29859.22 | 29859.22 | 29859.2  | 29859.2  | 29859.2  | 29859.18 | 29859.16 | 29859.2  | 29859.26 | 29859.2  | 29859.2  | 29859.22 | 29859.22 | 29859.22 | 29859.26 | 29859.24 | 29859.16 | 29859.18 | 29859.16 | 29859.24 | 29859.2  |
| RIMAC,period=900 0      | 29869.68 | 29869.64 | 29869.64 | 29869.62 | 29869.64 | 29869.68 | 29869.64 | 29869.68 | 29869.64 | 29869.68 | 29869.66 | 29869.62 | 29869.68 | 29869.64 | 29869.66 | 29869.64 | 29869.62 | 29869.68 | 29869.66 | 29869.62 | 29869.66 | 29869.66 | 29869.62 | 29869.6  | 29869.68 | 29869.64 | 29869.64 | 29869.68 | 29869.64 | 29869.64 | 29869.62 | 29869.66 | 29869.66 | 29869.62 | 29869.68 | 29869.66 | 29869.68 | 29869.66 | 29869.66 | 29869.64 | 29869.64 | 29869.64 | 29869.66 | 29869.68 | 29869.64 | 29869.64 | 29869.62 | 29869.64 | 29869.7  | 29869.66 |
| RIMAC,period=1200 0     | 29880.08 | 29880.06 | 29880.1  | 29880.08 | 29880.1  | 29880.08 | 29880.08 | 29880.1  | 29880.1  | 29880.08 | 29880.1  | 29880.08 | 29880.12 | 29880.06 | 29880.1  | 29880.1  | 29880.1  | 29880.1  | 29880.1  | 29880.1  | 29880.12 | 29880.08 | 29880.1  | 29880.08 | 29880.1  | 29880.06 | 29880.1  | 29880.08 | 29880.08 | 29880.1  | 29880.12 | 29880.08 | 29880.14 | 29880.06 | 29880.08 | 29880.06 | 29880.08 | 29880.12 | 29880.12 | 29880.04 | 29880.1  | 29880.1  | 29880.1  | 29880.14 | 29880.08 | 29880.12 | 29880.06 | 29880.1  | 29880.1  | 29880.1  |
| RIMAC,period=1500 0     | 29890.5  | 29890.48 | 29890.52 | 29890.52 | 29890.5  | 29890.48 | 29890.46 | 29890.5  | 29890.5  | 29890.5  | 29890.48 | 29890.48 | 29890.54 | 29890.48 | 29890.46 | 29890.54 | 29890.48 | 29890.54 | 29890.5  | 29890.52 | 29890.5  | 29890.48 | 29890.46 | 29890.5  | 29890.5  | 29890.46 | 29890.5  | 29890.46 | 29890.46 | 29890.52 | 29890.52 | 29890.5  | 29890.5  | 29890.48 | 29890.48 | 29890.5  | 29890.5  | 29890.54 | 29890.52 | 29890.48 | 29890.54 | 29890.48 | 29890.52 | 29890.54 | 29890.54 | 29890.52 | 29890.46 | 29890.46 | 29890.54 | 29890.52 |
| RIMAC,period=1800 0     | 29900.92 | 29900.9  | 29900.96 | 29900.96 | 29900.94 | 29900.96 | 29900.94 | 29900.94 | 29900.96 | 29900.98 | 29900.92 | 29900.9  | 29900.96 | 29900.9  | 29900.94 | 29900.94 | 29900.94 | 29900.94 | 29900.92 | 29900.96 | 29900.94 | 29900.92 | 29900.92 | 29900.92 | 29900.92 | 29900.92 | 29900.92 | 29900.94 | 29900.9  | 29900.94 | 29900.96 | 29900.92 | 29900.96 | 29900.94 | 29900.94 | 29900.92 | 29900.94 | 29900.98 | 29900.92 | 29900.92 | 29900.92 | 29900.96 | 29900.96 | 29900.96 | 29900.94 | 29900.92 | 29900.94 | 29900.92 | 29900.98 | 29900.96 |
| SWPTMAC,period=600 0    | 29919.86 | 29919.94 | 29919.84 | 29920.2  | 29919.48 | 29920.12 | 29920.06 | 29919.58 | 29920.04 | 29919.8  | 29897.2  | 29919.86 | 29920.12 | 29919.94 | 29919.76 | 29919.74 | 29919.9  | 29919.96 | 29920.1  | 29919.78 | 29919.6  | 29919.72 | 29920.06 | 29919.9  | 29919.62 | 29919.9  | 29920.32 | 29919.94 | 29919.98 | 29919.66 | 29919.74 | 29919.82 | 29919.9  | 29919.74 | 29920.08 | 29897.18 | 29897.2  | 29919.9  | 29920.12 | 29919.96 | 29920.1  | 29919.48 | 29919.92 | 29919.76 | 29919.76 | 29919.88 | 29896.68 | 29919.58 | 29919.72 | 29919.78 |
| SWPTMAC,period=900 0    | 29928.12 | 29928.02 | 29928.18 | 29928.08 | 29928.3  | 29928.26 | 29928.08 | 29927.94 | 29907.82 | 29928.18 | 29928.2  | 29927.88 | 29928.52 | 29928.22 | 29928.14 | 29927.9  | 29927.94 | 29907.74 | 29907.94 | 29928    | 29928.16 | 29928.4  | 29928.24 | 29927.7  | 29928.14 | 29928.04 | 29928.22 | 29927.88 | 29928.14 | 29928    | 29928.08 | 29927.96 | 29927.88 | 29928.2  | 29907.72 | 29907.62 | 29928.08 | 29928.08 | 29927.98 | 29927.96 | 29928.44 | 29928.06 | 29928.34 | 29927.92 | 29928.08 | 29927.9  | 29928.22 | 29928    | 29927.98 | 29927.88 |
| SWPTMAC,period=1200 0   | 29936.24 | 29936.36 | 29936.24 | 29936.32 | 29936.34 | 29936.74 | 29936.34 | 29936.32 | 29936.3  | 29936.44 | 29936.4  | 29936.32 | 29936.5  | 29936.26 | 29936.5  | 29918.06 | 29936.38 | 29936.44 | 29936.34 | 29936.5  | 29936.46 | 29935.96 | 29936.52 | 29936.24 | 29936.36 | 29936.34 | 29936.1  | 29918.04 | 29936.26 | 29936.48 | 29936.32 | 29936.4  | 29936.3  | 29936.18 | 29936.16 | 29936.16 | 29936.06 | 29936.38 | 29936.46 | 29936.2  | 29936.44 | 29936.24 | 29918.34 | 29936.38 | 29936.26 | 29936.54 | 29936.42 | 29936.46 | 29936.48 | 29936.36 |
| SWPTMAC,period=1500 0   | 29944.6  | 29944.58 | 29944.5  | 29944.74 | 29928.6  | 29944.44 | 29944.44 | 29944.52 | 29944.54 | 29944.48 | 29944.54 | 29944.58 | 29944.7  | 29944.62 | 29944.58 | 29928.58 | 29944.48 | 29944.62 | 29944.54 | 29944.6  | 29944.68 | 29944.5  | 29944.66 | 29944.6  | 29944.6  | 29944.56 | 29944.7  | 29944.46 | 29944.44 | 29944.62 | 29944.64 | 29944.64 | 29944.52 | 29944.76 | 29928.74 | 29944.64 | 29944.6  | 29944.42 | 29944.74 | 29944.52 | 29944.54 | 29944.64 | 29944.7  | 29944.62 | 29944.6  | 29928.62 | 29928.66 | 29928.78 | 29944.66 | 29928.72 |
| SWPTMAC,period=1800 0   | 29949.18 | 29949.14 | 29949.2  | 29949.18 | 29949.2  | 29949.2  | 29949.14 | 29949.18 | 29949.18 | 29949.2  | 29949.18 | 29949.14 | 29949.2  | 29949.14 | 29949.16 | 29949.18 | 29949.18 | 29935.52 | 29949.14 | 29949.2  | 29949.2  | 29935.54 | 29949.16 | 29949.18 | 29949.18 | 29949.16 | 29935.54 | 29935.54 | 29949.14 | 29949.18 | 29949.18 | 29949.16 | 29949.18 | 29935.52 | 29949.18 | 29935.54 | 29949.16 | 29949.2  | 29949.18 | 29949.14 | 29949.14 | 29949.18 | 29949.16 | 29949.18 | 29949.2  | 29949.18 | 29949.18 | 29949.14 | 29949.2  | 29949.18 |
+-------------------------+----------+----------+----------+----------+----------+----------+----------+----------+----------+----------+----------+----------+----------+----------+----------+----------+----------+----------+----------+----------+----------+----------+----------+----------+----------+----------+----------+----------+----------+----------+----------+----------+----------+----------+----------+----------+----------+----------+----------+----------+----------+----------+----------+----------+----------+----------+----------+----------+----------+----------+

