CastaliaResults -i 230430-164747.txt -s remaining --all -c 95                                                              

ResourceManager:Remaining Energy
+-----------------------+----------+----------+----------+----------+----------+----------+----------+----------+----------+----------+----------+----------+----------+----------+----------+----------+----------+----------+----------+----------+----------+----------+----------+----------+----------+----------+----------+----------+----------+----------+
|                       | 0=0      | 0=1      | 0=2      | 0=3      | 0=4      | 0=6      | 0=7      | 0=8      | 0=9      | 0=10     | 0=11     | 0=12     | 0=13     | 0=14     | 0=15     | 0=16     | 0=17     | 0=18     | 0=19     | 0=20     | 0=21     | 0=22     | 0=23     | 0=24     | 0=25     | 0=26     | 0=27     | 0=28     | 0=29     | 0=30     |
+-----------------------+----------+----------+----------+----------+----------+----------+----------+----------+----------+----------+----------+----------+----------+----------+----------+----------+----------+----------+----------+----------+----------+----------+----------+----------+----------+----------+----------+----------+----------+----------+
| BypassMAC,period=600  | 29755.2  | 29755.2  | 29755.2  | 29755.2  | 29755.2  | 29755.2  | 29755.2  | 29755.2  | 29755.2  | 29755.2  | 29755.2  | 29755.2  | 29755.2  | 29755.2  | 29755.2  | 29755.2  | 29755.2  | 29755.2  | 29755.2  | 29755.2  | 29755.2  | 29755.2  | 29755.2  | 29755.2  | 29755.2  | 29755.2  | 29755.2  | 29755.2  | 29755.2  | 29755.2  |
| BypassMAC,period=900  | 29755.2  | 29755.2  | 29755.2  | 29755.2  | 29755.2  | 29755.2  | 29755.2  | 29755.2  | 29755.2  | 29755.2  | 29755.2  | 29755.2  | 29755.2  | 29755.2  | 29755.2  | 29755.2  | 29755.2  | 29755.2  | 29755.2  | 29755.2  | 29755.2  | 29755.2  | 29755.2  | 29755.2  | 29755.2  | 29755.2  | 29755.2  | 29755.2  | 29755.2  | 29755.2  |
| BypassMAC,period=1200 | 29755.2  | 29755.2  | 29755.2  | 29755.2  | 29755.2  | 29755.2  | 29755.2  | 29755.2  | 29755.2  | 29755.2  | 29755.2  | 29755.2  | 29755.2  | 29755.2  | 29755.2  | 29755.2  | 29755.2  | 29755.2  | 29755.2  | 29755.2  | 29755.2  | 29755.2  | 29755.2  | 29755.2  | 29755.2  | 29755.2  | 29755.2  | 29755.2  | 29755.2  | 29755.2  |
| BypassMAC,period=1500 | 29755.2  | 29755.2  | 29755.2  | 29755.2  | 29755.2  | 29755.2  | 29755.2  | 29755.2  | 29755.2  | 29755.2  | 29755.2  | 29755.2  | 29755.2  | 29755.2  | 29755.2  | 29755.2  | 29755.2  | 29755.2  | 29755.2  | 29755.2  | 29755.2  | 29755.2  | 29755.2  | 29755.2  | 29755.2  | 29755.2  | 29755.2  | 29755.2  | 29755.2  | 29755.2  |
| BypassMAC,period=1800 | 29755.2  | 29755.2  | 29755.2  | 29755.2  | 29755.2  | 29755.2  | 29755.2  | 29755.2  | 29755.2  | 29755.2  | 29755.2  | 29755.2  | 29755.2  | 29755.2  | 29755.2  | 29755.2  | 29755.2  | 29755.2  | 29755.2  | 29755.2  | 29755.2  | 29755.2  | 29755.2  | 29755.2  | 29755.2  | 29755.2  | 29755.2  | 29755.2  | 29755.2  | 29755.2  |
| EERIMAC,period=600    | 29927.32 | 29927.34 | 29927.38 | 29927.34 | 29927.36 | 29927.4  | 29927.38 | 29927.36 | 29927.38 | 29927.38 | 29904.68 | 29927.36 | 29927.44 | 29927.38 | 29927.36 | 29927.4  | 29927.38 | 29927.4  | 29927.38 | 29927.4  | 29927.42 | 29927.38 | 29927.38 | 29927.36 | 29927.4  | 29927.34 | 29927.4  | 29927.36 | 29927.36 | 29927.4  |
| EERIMAC,period=900    | 29931.02 | 29931    | 29931    | 29931    | 29931.02 | 29931.04 | 29931    | 29931.02 | 29910.54 | 29931.02 | 29931.04 | 29930.96 | 29931.04 | 29931    | 29931.02 | 29931    | 29931    | 29910.58 | 29910.58 | 29931    | 29931.02 | 29931.02 | 29931    | 29930.98 | 29931.04 | 29931.02 | 29931.02 | 29931.02 | 29931    | 29931    |
| EERIMAC,period=1200   | 29934.62 | 29934.6  | 29934.64 | 29934.62 | 29934.64 | 29934.62 | 29934.62 | 29934.64 | 29934.64 | 29934.62 | 29934.64 | 29934.62 | 29934.66 | 29934.6  | 29934.64 | 29916.46 | 29934.64 | 29934.64 | 29934.64 | 29934.64 | 29934.66 | 29934.62 | 29934.64 | 29934.62 | 29934.64 | 29934.6  | 29934.64 | 29916.44 | 29934.62 | 29934.64 |
| EERIMAC,period=1500   | 29938.22 | 29938.2  | 29938.26 | 29938.24 | 29922.32 | 29938.2  | 29938.16 | 29938.24 | 29938.24 | 29938.2  | 29938.24 | 29938.2  | 29938.28 | 29938.22 | 29938.2  | 29922.36 | 29938.2  | 29938.24 | 29938.2  | 29938.24 | 29938.22 | 29938.2  | 29938.22 | 29938.22 | 29938.22 | 29938.2  | 29938.24 | 29938.18 | 29938.2  | 29938.24 |
| EERIMAC,period=1800   | 29941.82 | 29941.78 | 29941.86 | 29941.86 | 29941.86 | 29941.86 | 29941.82 | 29941.86 | 29941.88 | 29941.86 | 29941.84 | 29941.78 | 29941.88 | 29941.8  | 29941.84 | 29941.86 | 29941.84 | 29928.2  | 29941.82 | 29941.88 | 29941.84 | 29928.2  | 29941.82 | 29941.82 | 29941.82 | 29941.82 | 29928.2  | 29928.2  | 29941.8  | 29941.84 |
| RIMAC,period=600      | 29859.16 | 29859.18 | 29859.2  | 29859.18 | 29859.2  | 29859.22 | 29859.2  | 29859.18 | 29859.22 | 29859.2  | 29859.24 | 29859.18 | 29859.28 | 29859.22 | 29859.2  | 29859.24 | 29859.22 | 29859.22 | 29859.2  | 29859.24 | 29859.24 | 29859.18 | 29859.2  | 29859.2  | 29859.24 | 29859.18 | 29859.2  | 29859.2  | 29859.18 | 29859.22 |
| RIMAC,period=900      | 29869.68 | 29869.64 | 29869.64 | 29869.62 | 29869.64 | 29869.68 | 29869.64 | 29869.68 | 29869.64 | 29869.68 | 29869.66 | 29869.62 | 29869.68 | 29869.64 | 29869.66 | 29869.64 | 29869.62 | 29869.68 | 29869.66 | 29869.62 | 29869.66 | 29869.66 | 29869.62 | 29869.6  | 29869.68 | 29869.64 | 29869.64 | 29869.68 | 29869.64 | 29869.64 |
| RIMAC,period=1200     | 29880.08 | 29880.06 | 29880.1  | 29880.08 | 29880.1  | 29880.08 | 29880.08 | 29880.1  | 29880.1  | 29880.08 | 29880.1  | 29880.08 | 29880.12 | 29880.06 | 29880.1  | 29880.1  | 29880.1  | 29880.1  | 29880.1  | 29880.1  | 29880.12 | 29880.08 | 29880.1  | 29880.08 | 29880.1  | 29880.06 | 29880.1  | 29880.08 | 29880.08 | 29880.1  |
| RIMAC,period=1500     | 29890.5  | 29890.48 | 29890.52 | 29890.52 | 29890.5  | 29890.48 | 29890.46 | 29890.5  | 29890.5  | 29890.5  | 29890.48 | 29890.48 | 29890.54 | 29890.48 | 29890.46 | 29890.54 | 29890.48 | 29890.54 | 29890.5  | 29890.52 | 29890.5  | 29890.48 | 29890.46 | 29890.5  | 29890.5  | 29890.46 | 29890.5  | 29890.46 | 29890.46 | 29890.52 |
| RIMAC,period=1800     | 29900.92 | 29900.9  | 29900.96 | 29900.96 | 29900.94 | 29900.96 | 29900.94 | 29900.94 | 29900.96 | 29900.98 | 29900.92 | 29900.9  | 29900.96 | 29900.9  | 29900.94 | 29900.94 | 29900.94 | 29900.94 | 29900.92 | 29900.96 | 29900.94 | 29900.92 | 29900.92 | 29900.92 | 29900.92 | 29900.92 | 29900.92 | 29900.94 | 29900.9  | 29900.94 |
| SWPTMAC,period=600    | 29918.3  | 29917.96 | 29917.96 | 29918.04 | 29918.18 | 29918.04 | 29918.02 | 29918.04 | 29918.32 | 29918.18 | 29895.52 | 29918.24 | 29917.94 | 29918.08 | 29917.8  | 29918.08 | 29918.5  | 29917.92 | 29918.28 | 29918    | 29918.16 | 29917.9  | 29917.98 | 29918.12 | 29918.12 | 29918.04 | 29918.08 | 29918.14 | 29918.32 | 29917.9  |
| SWPTMAC,period=900    | 29926.68 | 29926.84 | 29926.78 | 29926.88 | 29926.76 | 29926.82 | 29926.72 | 29926.7  | 29906.26 | 29926.46 | 29926.92 | 29926.54 | 29926.52 | 29926.7  | 29926.48 | 29926.78 | 29926.76 | 29906.68 | 29906.2  | 29926.72 | 29926.74 | 29926.82 | 29926.7  | 29926.6  | 29926.74 | 29926.74 | 29927.02 | 29926.68 | 29926.92 | 29927.12 |
| SWPTMAC,period=1200   | 29935.38 | 29935.5  | 29935.52 | 29935.62 | 29935.52 | 29935.72 | 29935.44 | 29935.46 | 29935.46 | 29935.3  | 29935.78 | 29935.4  | 29935.72 | 29935.28 | 29935.38 | 29917.3  | 29935.46 | 29935.4  | 29935.46 | 29935.54 | 29935.58 | 29935.4  | 29935.54 | 29935.54 | 29935.56 | 29935.42 | 29935.4  | 29917.28 | 29935.12 | 29935.66 |
| SWPTMAC,period=1500   | 29944.04 | 29944.1  | 29944.16 | 29944.28 | 29928.5  | 29944.02 | 29943.92 | 29944.2  | 29944.22 | 29944.1  | 29944.14 | 29944.26 | 29944.02 | 29944.2  | 29944    | 29928.38 | 29944.14 | 29944.3  | 29943.94 | 29944.14 | 29944.34 | 29944.3  | 29944.32 | 29944.14 | 29944.2  | 29944.18 | 29944.22 | 29944.06 | 29944.16 | 29944.26 |
| SWPTMAC,period=1800   | 29945.5  | 29945.46 | 29945.54 | 29945.52 | 29945.54 | 29945.54 | 29945.48 | 29945.52 | 29945.52 | 29945.54 | 29945.52 | 29945.46 | 29945.54 | 29945.48 | 29945.5  | 29945.52 | 29945.52 | 29931.86 | 29945.5  | 29945.54 | 29945.52 | 29931.88 | 29945.5  | 29945.52 | 29945.5  | 29945.5  | 29931.88 | 29931.88 | 29945.48 | 29945.52 |
+-----------------------+----------+----------+----------+----------+----------+----------+----------+----------+----------+----------+----------+----------+----------+----------+----------+----------+----------+----------+----------+----------+----------+----------+----------+----------+----------+----------+----------+----------+----------+----------+
ResourceManager:Remaining Energy - all values
+-------------------------+----------+----------+----------+----------+----------+----------+----------+----------+----------+----------+----------+----------+----------+----------+----------+----------+----------+----------+----------+----------+----------+----------+----------+----------+----------+----------+----------+----------+----------+----------+
|                         | 0=0      | 0=1      | 0=2      | 0=3      | 0=4      | 0=6      | 0=7      | 0=8      | 0=9      | 0=10     | 0=11     | 0=12     | 0=13     | 0=14     | 0=15     | 0=16     | 0=17     | 0=18     | 0=19     | 0=20     | 0=21     | 0=22     | 0=23     | 0=24     | 0=25     | 0=26     | 0=27     | 0=28     | 0=29     | 0=30     |
+-------------------------+----------+----------+----------+----------+----------+----------+----------+----------+----------+----------+----------+----------+----------+----------+----------+----------+----------+----------+----------+----------+----------+----------+----------+----------+----------+----------+----------+----------+----------+----------+
| BypassMAC,period=600 0  | 29755.2  | 29755.2  | 29755.2  | 29755.2  | 29755.2  | 29755.2  | 29755.2  | 29755.2  | 29755.2  | 29755.2  | 29755.2  | 29755.2  | 29755.2  | 29755.2  | 29755.2  | 29755.2  | 29755.2  | 29755.2  | 29755.2  | 29755.2  | 29755.2  | 29755.2  | 29755.2  | 29755.2  | 29755.2  | 29755.2  | 29755.2  | 29755.2  | 29755.2  | 29755.2  |
| BypassMAC,period=900 0  | 29755.2  | 29755.2  | 29755.2  | 29755.2  | 29755.2  | 29755.2  | 29755.2  | 29755.2  | 29755.2  | 29755.2  | 29755.2  | 29755.2  | 29755.2  | 29755.2  | 29755.2  | 29755.2  | 29755.2  | 29755.2  | 29755.2  | 29755.2  | 29755.2  | 29755.2  | 29755.2  | 29755.2  | 29755.2  | 29755.2  | 29755.2  | 29755.2  | 29755.2  | 29755.2  |
| BypassMAC,period=1200 0 | 29755.2  | 29755.2  | 29755.2  | 29755.2  | 29755.2  | 29755.2  | 29755.2  | 29755.2  | 29755.2  | 29755.2  | 29755.2  | 29755.2  | 29755.2  | 29755.2  | 29755.2  | 29755.2  | 29755.2  | 29755.2  | 29755.2  | 29755.2  | 29755.2  | 29755.2  | 29755.2  | 29755.2  | 29755.2  | 29755.2  | 29755.2  | 29755.2  | 29755.2  | 29755.2  |
| BypassMAC,period=1500 0 | 29755.2  | 29755.2  | 29755.2  | 29755.2  | 29755.2  | 29755.2  | 29755.2  | 29755.2  | 29755.2  | 29755.2  | 29755.2  | 29755.2  | 29755.2  | 29755.2  | 29755.2  | 29755.2  | 29755.2  | 29755.2  | 29755.2  | 29755.2  | 29755.2  | 29755.2  | 29755.2  | 29755.2  | 29755.2  | 29755.2  | 29755.2  | 29755.2  | 29755.2  | 29755.2  |
| BypassMAC,period=1800 0 | 29755.2  | 29755.2  | 29755.2  | 29755.2  | 29755.2  | 29755.2  | 29755.2  | 29755.2  | 29755.2  | 29755.2  | 29755.2  | 29755.2  | 29755.2  | 29755.2  | 29755.2  | 29755.2  | 29755.2  | 29755.2  | 29755.2  | 29755.2  | 29755.2  | 29755.2  | 29755.2  | 29755.2  | 29755.2  | 29755.2  | 29755.2  | 29755.2  | 29755.2  | 29755.2  |
| EERIMAC,period=600 0    | 29927.32 | 29927.34 | 29927.38 | 29927.34 | 29927.36 | 29927.4  | 29927.38 | 29927.36 | 29927.38 | 29927.38 | 29904.68 | 29927.36 | 29927.44 | 29927.38 | 29927.36 | 29927.4  | 29927.38 | 29927.4  | 29927.38 | 29927.4  | 29927.42 | 29927.38 | 29927.38 | 29927.36 | 29927.4  | 29927.34 | 29927.4  | 29927.36 | 29927.36 | 29927.4  |
| EERIMAC,period=900 0    | 29931.02 | 29931    | 29931    | 29931    | 29931.02 | 29931.04 | 29931    | 29931.02 | 29910.54 | 29931.02 | 29931.04 | 29930.96 | 29931.04 | 29931    | 29931.02 | 29931    | 29931    | 29910.58 | 29910.58 | 29931    | 29931.02 | 29931.02 | 29931    | 29930.98 | 29931.04 | 29931.02 | 29931.02 | 29931.02 | 29931    | 29931    |
| EERIMAC,period=1200 0   | 29934.62 | 29934.6  | 29934.64 | 29934.62 | 29934.64 | 29934.62 | 29934.62 | 29934.64 | 29934.64 | 29934.62 | 29934.64 | 29934.62 | 29934.66 | 29934.6  | 29934.64 | 29916.46 | 29934.64 | 29934.64 | 29934.64 | 29934.64 | 29934.66 | 29934.62 | 29934.64 | 29934.62 | 29934.64 | 29934.6  | 29934.64 | 29916.44 | 29934.62 | 29934.64 |
| EERIMAC,period=1500 0   | 29938.22 | 29938.2  | 29938.26 | 29938.24 | 29922.32 | 29938.2  | 29938.16 | 29938.24 | 29938.24 | 29938.2  | 29938.24 | 29938.2  | 29938.28 | 29938.22 | 29938.2  | 29922.36 | 29938.2  | 29938.24 | 29938.2  | 29938.24 | 29938.22 | 29938.2  | 29938.22 | 29938.22 | 29938.22 | 29938.2  | 29938.24 | 29938.18 | 29938.2  | 29938.24 |
| EERIMAC,period=1800 0   | 29941.82 | 29941.78 | 29941.86 | 29941.86 | 29941.86 | 29941.86 | 29941.82 | 29941.86 | 29941.88 | 29941.86 | 29941.84 | 29941.78 | 29941.88 | 29941.8  | 29941.84 | 29941.86 | 29941.84 | 29928.2  | 29941.82 | 29941.88 | 29941.84 | 29928.2  | 29941.82 | 29941.82 | 29941.82 | 29941.82 | 29928.2  | 29928.2  | 29941.8  | 29941.84 |
| RIMAC,period=600 0      | 29859.16 | 29859.18 | 29859.2  | 29859.18 | 29859.2  | 29859.22 | 29859.2  | 29859.18 | 29859.22 | 29859.2  | 29859.24 | 29859.18 | 29859.28 | 29859.22 | 29859.2  | 29859.24 | 29859.22 | 29859.22 | 29859.2  | 29859.24 | 29859.24 | 29859.18 | 29859.2  | 29859.2  | 29859.24 | 29859.18 | 29859.2  | 29859.2  | 29859.18 | 29859.22 |
| RIMAC,period=900 0      | 29869.68 | 29869.64 | 29869.64 | 29869.62 | 29869.64 | 29869.68 | 29869.64 | 29869.68 | 29869.64 | 29869.68 | 29869.66 | 29869.62 | 29869.68 | 29869.64 | 29869.66 | 29869.64 | 29869.62 | 29869.68 | 29869.66 | 29869.62 | 29869.66 | 29869.66 | 29869.62 | 29869.6  | 29869.68 | 29869.64 | 29869.64 | 29869.68 | 29869.64 | 29869.64 |
| RIMAC,period=1200 0     | 29880.08 | 29880.06 | 29880.1  | 29880.08 | 29880.1  | 29880.08 | 29880.08 | 29880.1  | 29880.1  | 29880.08 | 29880.1  | 29880.08 | 29880.12 | 29880.06 | 29880.1  | 29880.1  | 29880.1  | 29880.1  | 29880.1  | 29880.1  | 29880.12 | 29880.08 | 29880.1  | 29880.08 | 29880.1  | 29880.06 | 29880.1  | 29880.08 | 29880.08 | 29880.1  |
| RIMAC,period=1500 0     | 29890.5  | 29890.48 | 29890.52 | 29890.52 | 29890.5  | 29890.48 | 29890.46 | 29890.5  | 29890.5  | 29890.5  | 29890.48 | 29890.48 | 29890.54 | 29890.48 | 29890.46 | 29890.54 | 29890.48 | 29890.54 | 29890.5  | 29890.52 | 29890.5  | 29890.48 | 29890.46 | 29890.5  | 29890.5  | 29890.46 | 29890.5  | 29890.46 | 29890.46 | 29890.52 |
| RIMAC,period=1800 0     | 29900.92 | 29900.9  | 29900.96 | 29900.96 | 29900.94 | 29900.96 | 29900.94 | 29900.94 | 29900.96 | 29900.98 | 29900.92 | 29900.9  | 29900.96 | 29900.9  | 29900.94 | 29900.94 | 29900.94 | 29900.94 | 29900.92 | 29900.96 | 29900.94 | 29900.92 | 29900.92 | 29900.92 | 29900.92 | 29900.92 | 29900.92 | 29900.94 | 29900.9  | 29900.94 |
| SWPTMAC,period=600 0    | 29918.3  | 29917.96 | 29917.96 | 29918.04 | 29918.18 | 29918.04 | 29918.02 | 29918.04 | 29918.32 | 29918.18 | 29895.52 | 29918.24 | 29917.94 | 29918.08 | 29917.8  | 29918.08 | 29918.5  | 29917.92 | 29918.28 | 29918    | 29918.16 | 29917.9  | 29917.98 | 29918.12 | 29918.12 | 29918.04 | 29918.08 | 29918.14 | 29918.32 | 29917.9  |
| SWPTMAC,period=900 0    | 29926.68 | 29926.84 | 29926.78 | 29926.88 | 29926.76 | 29926.82 | 29926.72 | 29926.7  | 29906.26 | 29926.46 | 29926.92 | 29926.54 | 29926.52 | 29926.7  | 29926.48 | 29926.78 | 29926.76 | 29906.68 | 29906.2  | 29926.72 | 29926.74 | 29926.82 | 29926.7  | 29926.6  | 29926.74 | 29926.74 | 29927.02 | 29926.68 | 29926.92 | 29927.12 |
| SWPTMAC,period=1200 0   | 29935.38 | 29935.5  | 29935.52 | 29935.62 | 29935.52 | 29935.72 | 29935.44 | 29935.46 | 29935.46 | 29935.3  | 29935.78 | 29935.4  | 29935.72 | 29935.28 | 29935.38 | 29917.3  | 29935.46 | 29935.4  | 29935.46 | 29935.54 | 29935.58 | 29935.4  | 29935.54 | 29935.54 | 29935.56 | 29935.42 | 29935.4  | 29917.28 | 29935.12 | 29935.66 |
| SWPTMAC,period=1500 0   | 29944.04 | 29944.1  | 29944.16 | 29944.28 | 29928.5  | 29944.02 | 29943.92 | 29944.2  | 29944.22 | 29944.1  | 29944.14 | 29944.26 | 29944.02 | 29944.2  | 29944    | 29928.38 | 29944.14 | 29944.3  | 29943.94 | 29944.14 | 29944.34 | 29944.3  | 29944.32 | 29944.14 | 29944.2  | 29944.18 | 29944.22 | 29944.06 | 29944.16 | 29944.26 |
| SWPTMAC,period=1800 0   | 29945.5  | 29945.46 | 29945.54 | 29945.52 | 29945.54 | 29945.54 | 29945.48 | 29945.52 | 29945.52 | 29945.54 | 29945.52 | 29945.46 | 29945.54 | 29945.48 | 29945.5  | 29945.52 | 29945.52 | 29931.86 | 29945.5  | 29945.54 | 29945.52 | 29931.88 | 29945.5  | 29945.52 | 29945.5  | 29945.5  | 29931.88 | 29931.88 | 29945.48 | 29945.52 |
+-------------------------+----------+----------+----------+----------+----------+----------+----------+----------+----------+----------+----------+----------+----------+----------+----------+----------+----------+----------+----------+----------+----------+----------+----------+----------+----------+----------+----------+----------+----------+----------+

