CastaliaResults -i 230505-134453.txt -s remaining --all -c 95                                                              

ResourceManager:Remaining Energy
+-----------------------+----------+----------+----------+----------+----------+----------+----------+----------+----------+----------+
|                       | 0=0      | 0=1      | 0=2      | 0=3      | 0=4      | 0=6      | 0=7      | 0=8      | 0=9      | 0=10     |
+-----------------------+----------+----------+----------+----------+----------+----------+----------+----------+----------+----------+
| BypassMAC,period=1200 | 29755.2  | 29755.2  | 29755.2  | 29755.2  | 29755.2  | 29755.2  | 29755.2  | 29755.2  | 29755.2  | 29755.2  |
| BypassMAC,period=1260 | 29755.2  | 29755.2  | 29755.2  | 29755.2  | 29755.2  | 29755.2  | 29755.2  | 29755.2  | 29755.2  | 29755.2  |
| BypassMAC,period=1320 | 29755.2  | 29755.2  | 29755.2  | 29755.2  | 29755.2  | 29755.2  | 29755.2  | 29755.2  | 29755.2  | 29755.2  |
| BypassMAC,period=1380 | 29755.2  | 29755.2  | 29755.2  | 29755.2  | 29755.2  | 29755.2  | 29755.2  | 29755.2  | 29755.2  | 29755.2  |
| BypassMAC,period=1440 | 29755.2  | 29755.2  | 29755.2  | 29755.2  | 29755.2  | 29755.2  | 29755.2  | 29755.2  | 29755.2  | 29755.2  |
| BypassMAC,period=1500 | 29755.2  | 29755.2  | 29755.2  | 29755.2  | 29755.2  | 29755.2  | 29755.2  | 29755.2  | 29755.2  | 29755.2  |
| EERIMAC,period=1200   | 29865.12 | 29854.27 | 29854.28 | 29854.26 | 29855.47 | 29854.28 | 29851.99 | 29861.08 | 29862.44 | 29854.3  |
| EERIMAC,period=1260   | 29856.5  | 29855.99 | 29855.23 | 29856.48 | 29856.5  | 29854.09 | 29856.48 | 29856.53 | 29869.37 | 29856.52 |
| EERIMAC,period=1320   | 29884.73 | 29879.25 | 29879.23 | 29879.21 | 29875.28 | 29879.22 | 29874.71 | 29879.23 | 29878.18 | 29879.23 |
| EERIMAC,period=1380   | 29881.04 | 29872.77 | 29881.01 | 29881.02 | 29881.04 | 29881.04 | 29880.98 | 29872.65 | 29878.5  | 29880.26 |
| EERIMAC,period=1440   | 29867.51 | 29867.52 | 29867.51 | 29877.82 | 29867.5  | 29867.5  | 29867.47 | 29867.52 | 29870.93 | 29876.2  |
| EERIMAC,period=1500   | 29879.33 | 29866.72 | 29877.81 | 29887.3  | 29879.35 | 29879.35 | 29878.74 | 29878.97 | 29879.32 | 29879.35 |
| RIMAC,period=1200     | 29844.8  | 29844.82 | 29844.82 | 29844.79 | 29844.81 | 29844.81 | 29844.79 | 29854.63 | 29857.52 | 29844.84 |
| RIMAC,period=1260     | 29848.63 | 29848.64 | 29848.64 | 29848.61 | 29848.63 | 29848.63 | 29848.59 | 29848.66 | 29855.91 | 29848.65 |
| RIMAC,period=1320     | 29881.77 | 29871.07 | 29876.25 | 29876.22 | 29872.78 | 29876.26 | 29872.75 | 29876.27 | 29876.28 | 29876.27 |
| RIMAC,period=1380     | 29877.52 | 29866.56 | 29877.54 | 29877.51 | 29877.54 | 29877.53 | 29877.52 | 29870.84 | 29877.52 | 29877.57 |
| RIMAC,period=1440     | 29861.61 | 29861.59 | 29861.59 | 29873.13 | 29861.58 | 29861.59 | 29861.56 | 29861.6  | 29866.33 | 29873.16 |
| RIMAC,period=1500     | 29870.24 | 29861.03 | 29870.24 | 29881.22 | 29870.24 | 29870.26 | 29869.65 | 29870.26 | 29870.25 | 29870.28 |
| SWPTMAC,period=1200   | 29874.68 | 29872.59 | 29872.8  | 29874.16 | 29857.73 | 29872.36 | 29858.1  | 29873.7  | 29858.79 | 29875.27 |
| SWPTMAC,period=1260   | 29875.56 | 29861.04 | 29860.8  | 29861.24 | 29876.39 | 29875.73 | 29877.44 | 29860.6  | 29886    | 29878.1  |
| SWPTMAC,period=1320   | 29894.92 | 29895.09 | 29894.99 | 29895.09 | 29880.55 | 29895.7  | 29878.28 | 29894.98 | 29894.05 | 29892.82 |
| SWPTMAC,period=1380   | 29891.92 | 29882.21 | 29895.49 | 29893.31 | 29893.18 | 29893.35 | 29893.18 | 29882.95 | 29883.4  | 29869.49 |
| SWPTMAC,period=1440   | 29881.25 | 29880.41 | 29880.45 | 29884.54 | 29880.65 | 29880.4  | 29880.59 | 29881.18 | 29885.7  | 29880.16 |
| SWPTMAC,period=1500   | 29890.69 | 29897.24 | 29891.47 | 29899.79 | 29893.02 | 29893.01 | 29893.76 | 29893.41 | 29893.04 | 29892.96 |
+-----------------------+----------+----------+----------+----------+----------+----------+----------+----------+----------+----------+
ResourceManager:Remaining Energy - all values
+-------------------------+----------+----------+----------+----------+----------+----------+----------+----------+----------+----------+
|                         | 0=0      | 0=1      | 0=2      | 0=3      | 0=4      | 0=6      | 0=7      | 0=8      | 0=9      | 0=10     |
+-------------------------+----------+----------+----------+----------+----------+----------+----------+----------+----------+----------+
| BypassMAC,period=1200 0 | 29755.2  | 29755.2  | 29755.2  | 29755.2  | 29755.2  | 29755.2  | 29755.2  | 29755.2  | 29755.2  | 29755.2  |
| BypassMAC,period=1260 0 | 29755.2  | 29755.2  | 29755.2  | 29755.2  | 29755.2  | 29755.2  | 29755.2  | 29755.2  | 29755.2  | 29755.2  |
| BypassMAC,period=1320 0 | 29755.2  | 29755.2  | 29755.2  | 29755.2  | 29755.2  | 29755.2  | 29755.2  | 29755.2  | 29755.2  | 29755.2  |
| BypassMAC,period=1380 0 | 29755.2  | 29755.2  | 29755.2  | 29755.2  | 29755.2  | 29755.2  | 29755.2  | 29755.2  | 29755.2  | 29755.2  |
| BypassMAC,period=1440 0 | 29755.2  | 29755.2  | 29755.2  | 29755.2  | 29755.2  | 29755.2  | 29755.2  | 29755.2  | 29755.2  | 29755.2  |
| BypassMAC,period=1500 0 | 29755.2  | 29755.2  | 29755.2  | 29755.2  | 29755.2  | 29755.2  | 29755.2  | 29755.2  | 29755.2  | 29755.2  |
| EERIMAC,period=1200 0   | 29865.12 | 29854.27 | 29854.28 | 29854.26 | 29855.47 | 29854.28 | 29851.99 | 29861.08 | 29862.44 | 29854.3  |
| EERIMAC,period=1260 0   | 29856.5  | 29855.99 | 29855.23 | 29856.48 | 29856.5  | 29854.09 | 29856.48 | 29856.53 | 29869.37 | 29856.52 |
| EERIMAC,period=1320 0   | 29884.73 | 29879.25 | 29879.23 | 29879.21 | 29875.28 | 29879.22 | 29874.71 | 29879.23 | 29878.18 | 29879.23 |
| EERIMAC,period=1380 0   | 29881.04 | 29872.77 | 29881.01 | 29881.02 | 29881.04 | 29881.04 | 29880.98 | 29872.65 | 29878.5  | 29880.26 |
| EERIMAC,period=1440 0   | 29867.51 | 29867.52 | 29867.51 | 29877.82 | 29867.5  | 29867.5  | 29867.47 | 29867.52 | 29870.93 | 29876.2  |
| EERIMAC,period=1500 0   | 29879.33 | 29866.72 | 29877.81 | 29887.3  | 29879.35 | 29879.35 | 29878.74 | 29878.97 | 29879.32 | 29879.35 |
| RIMAC,period=1200 0     | 29844.8  | 29844.82 | 29844.82 | 29844.79 | 29844.81 | 29844.81 | 29844.79 | 29854.63 | 29857.52 | 29844.84 |
| RIMAC,period=1260 0     | 29848.63 | 29848.64 | 29848.64 | 29848.61 | 29848.63 | 29848.63 | 29848.59 | 29848.66 | 29855.91 | 29848.65 |
| RIMAC,period=1320 0     | 29881.77 | 29871.07 | 29876.25 | 29876.22 | 29872.78 | 29876.26 | 29872.75 | 29876.27 | 29876.28 | 29876.27 |
| RIMAC,period=1380 0     | 29877.52 | 29866.56 | 29877.54 | 29877.51 | 29877.54 | 29877.53 | 29877.52 | 29870.84 | 29877.52 | 29877.57 |
| RIMAC,period=1440 0     | 29861.61 | 29861.59 | 29861.59 | 29873.13 | 29861.58 | 29861.59 | 29861.56 | 29861.6  | 29866.33 | 29873.16 |
| RIMAC,period=1500 0     | 29870.24 | 29861.03 | 29870.24 | 29881.22 | 29870.24 | 29870.26 | 29869.65 | 29870.26 | 29870.25 | 29870.28 |
| SWPTMAC,period=1200 0   | 29874.68 | 29872.59 | 29872.8  | 29874.16 | 29857.73 | 29872.36 | 29858.1  | 29873.7  | 29858.79 | 29875.27 |
| SWPTMAC,period=1260 0   | 29875.56 | 29861.04 | 29860.8  | 29861.24 | 29876.39 | 29875.73 | 29877.44 | 29860.6  | 29886    | 29878.1  |
| SWPTMAC,period=1320 0   | 29894.92 | 29895.09 | 29894.99 | 29895.09 | 29880.55 | 29895.7  | 29878.28 | 29894.98 | 29894.05 | 29892.82 |
| SWPTMAC,period=1380 0   | 29891.92 | 29882.21 | 29895.49 | 29893.31 | 29893.18 | 29893.35 | 29893.18 | 29882.95 | 29883.4  | 29869.49 |
| SWPTMAC,period=1440 0   | 29881.25 | 29880.41 | 29880.45 | 29884.54 | 29880.65 | 29880.4  | 29880.59 | 29881.18 | 29885.7  | 29880.16 |
| SWPTMAC,period=1500 0   | 29890.69 | 29897.24 | 29891.47 | 29899.79 | 29893.02 | 29893.01 | 29893.76 | 29893.41 | 29893.04 | 29892.96 |
+-------------------------+----------+----------+----------+----------+----------+----------+----------+----------+----------+----------+

