CastaliaResults -i 230505-134453.txt -s loss --all -c 95                                                         

Application:Packets loss rate - total
+-----------------------+-----------+-----------+-----------+-----------+-----------+-----------+-----------+-----------+-----------+-----------+
|                       | 0=0       | 0=1       | 0=2       | 0=3       | 0=4       | 0=6       | 0=7       | 0=8       | 0=9       | 0=10      |
+-----------------------+-----------+-----------+-----------+-----------+-----------+-----------+-----------+-----------+-----------+-----------+
| BypassMAC,period=1200 | 0.66667   | 0.72222   | 0.61111   | 0.66667   | 0.72222   | 0.61111   | 0.66667   | 0.66667   | 0.77778   | 0.77778   |
| BypassMAC,period=1260 | 0.61111   | 0.72222   | 0.61111   | 0.66667   | 0.72222   | 0.61111   | 0.61111   | 0.72222   | 0.77778   | 0.77778   |
| BypassMAC,period=1320 | 0.66667   | 0.77778   | 0.61111   | 0.66667   | 0.72222   | 0.66667   | 0.61111   | 0.66667   | 0.88889   | 0.77778   |
| BypassMAC,period=1380 | 0.55556   | 0.66667   | 0.61111   | 0.66667   | 0.66667   | 0.61111   | 0.61111   | 0.61111   | 0.83333   | 0.66667   |
| BypassMAC,period=1440 | 0.66667   | 0.66667   | 0.55556   | 0.61111   | 0.77778   | 0.66667   | 0.72222   | 0.61111   | 0.72222   | 0.83333   |
| BypassMAC,period=1500 | 0.66667   | 0.66667   | 0.61111   | 0.77778   | 0.66667   | 0.66667   | 0.72222   | 0.66667   | 0.77778   | 0.77778   |
| EERIMAC,period=1200   | 0.77778   | 0.88889   | 0.88889   | 0.88889   | 0.83333   | 0.88889   | 0.88889   | 0.77778   | 0.77778   | 0.88889   |
| EERIMAC,period=1260   | 0.88889   | 0.88889   | 0.88889   | 0.88889   | 0.88889   | 0.88889   | 0.88889   | 0.88889   | 0.77778   | 0.88889   |
| EERIMAC,period=1320   | 0.66667   | 0.72222   | 0.72222   | 0.72222   | 0.72222   | 0.72222   | 0.72222   | 0.72222   | 0.72222   | 0.72222   |
| EERIMAC,period=1380   | 0.72222   | 0.77778   | 0.72222   | 0.72222   | 0.72222   | 0.72222   | 0.72222   | 0.77778   | 0.72222   | 0.72222   |
| EERIMAC,period=1440   | 0.88889   | 0.88889   | 0.88889   | 0.77778   | 0.88889   | 0.88889   | 0.88889   | 0.88889   | 0.77778   | 0.77778   |
| EERIMAC,period=1500   | 0.77778   | 0.88889   | 0.77778   | 0.72222   | 0.77778   | 0.77778   | 0.83333   | 0.77778   | 0.77778   | 0.77778   |
| RIMAC,period=1200     | 0.88889   | 0.88889   | 0.88889   | 0.88889   | 0.88889   | 0.88889   | 0.88889   | 0.77778   | 0.77778   | 0.88889   |
| RIMAC,period=1260     | 0.88889   | 0.88889   | 0.88889   | 0.88889   | 0.88889   | 0.88889   | 0.88889   | 0.88889   | 0.83333   | 0.88889   |
| RIMAC,period=1320     | 0.66667   | 0.77778   | 0.72222   | 0.72222   | 0.72222   | 0.72222   | 0.72222   | 0.72222   | 0.72222   | 0.72222   |
| RIMAC,period=1380     | 0.72222   | 0.77778   | 0.72222   | 0.72222   | 0.72222   | 0.72222   | 0.72222   | 0.77778   | 0.72222   | 0.72222   |
| RIMAC,period=1440     | 0.88889   | 0.88889   | 0.88889   | 0.77778   | 0.88889   | 0.88889   | 0.88889   | 0.88889   | 0.77778   | 0.77778   |
| RIMAC,period=1500     | 0.77778   | 0.88889   | 0.77778   | 0.72222   | 0.77778   | 0.77778   | 0.83333   | 0.77778   | 0.77778   | 0.77778   |
| SWPTMAC,period=1200   | -44.72222 | -51.88889 | -46.94444 | -58.33333 | -86.61111 | -48.33333 | -94       | -46.22222 | -65.66667 | -50.05556 |
| SWPTMAC,period=1260   | -44.94444 | -88.88889 | -82.44444 | -93.5     | -51.77778 | -46.61111 | -45.11111 | -82.11111 | -3.11111  | -35.55556 |
| SWPTMAC,period=1320   | -19.27778 | -19.61111 | -18.77778 | -17       | -56.88889 | -20.5     | -51.55556 | -19.83333 | -19.5     | -24.44444 |
| SWPTMAC,period=1380   | -1.61111  | -55.5     | 0.72222   | -0.61111  | 0.5       | -0.94444  | 0.16667   | -39.05556 | -33.72222 | -62.44444 |
| SWPTMAC,period=1440   | -9.05556  | -5.44444  | -4.88889  | -58.27778 | -6.38889  | -5.72222  | -6.27778  | -8.05556  | -57.44444 | -36.66667 |
| SWPTMAC,period=1500   | -3.72222  | -25.16667 | -3.5      | 0.72222   | -3.33333  | -3.66667  | -3.77778  | -3.16667  | -3.77778  | -3.38889  |
+-----------------------+-----------+-----------+-----------+-----------+-----------+-----------+-----------+-----------+-----------+-----------+
Application:Packets loss rate - all values
+-------------------------+-----------+-----------+-----------+-----------+-----------+-----------+-----------+-----------+-----------+-----------+
|                         | 0=0       | 0=1       | 0=2       | 0=3       | 0=4       | 0=6       | 0=7       | 0=8       | 0=9       | 0=10      |
+-------------------------+-----------+-----------+-----------+-----------+-----------+-----------+-----------+-----------+-----------+-----------+
| BypassMAC,period=1200 0 | 0.66667   | 0.72222   | 0.61111   | 0.66667   | 0.72222   | 0.61111   | 0.66667   | 0.66667   | 0.77778   | 0.77778   |
| BypassMAC,period=1260 0 | 0.61111   | 0.72222   | 0.61111   | 0.66667   | 0.72222   | 0.61111   | 0.61111   | 0.72222   | 0.77778   | 0.77778   |
| BypassMAC,period=1320 0 | 0.66667   | 0.77778   | 0.61111   | 0.66667   | 0.72222   | 0.66667   | 0.61111   | 0.66667   | 0.88889   | 0.77778   |
| BypassMAC,period=1380 0 | 0.55556   | 0.66667   | 0.61111   | 0.66667   | 0.66667   | 0.61111   | 0.61111   | 0.61111   | 0.83333   | 0.66667   |
| BypassMAC,period=1440 0 | 0.66667   | 0.66667   | 0.55556   | 0.61111   | 0.77778   | 0.66667   | 0.72222   | 0.61111   | 0.72222   | 0.83333   |
| BypassMAC,period=1500 0 | 0.66667   | 0.66667   | 0.61111   | 0.77778   | 0.66667   | 0.66667   | 0.72222   | 0.66667   | 0.77778   | 0.77778   |
| EERIMAC,period=1200 0   | 0.77778   | 0.88889   | 0.88889   | 0.88889   | 0.83333   | 0.88889   | 0.88889   | 0.77778   | 0.77778   | 0.88889   |
| EERIMAC,period=1260 0   | 0.88889   | 0.88889   | 0.88889   | 0.88889   | 0.88889   | 0.88889   | 0.88889   | 0.88889   | 0.77778   | 0.88889   |
| EERIMAC,period=1320 0   | 0.66667   | 0.72222   | 0.72222   | 0.72222   | 0.72222   | 0.72222   | 0.72222   | 0.72222   | 0.72222   | 0.72222   |
| EERIMAC,period=1380 0   | 0.72222   | 0.77778   | 0.72222   | 0.72222   | 0.72222   | 0.72222   | 0.72222   | 0.77778   | 0.72222   | 0.72222   |
| EERIMAC,period=1440 0   | 0.88889   | 0.88889   | 0.88889   | 0.77778   | 0.88889   | 0.88889   | 0.88889   | 0.88889   | 0.77778   | 0.77778   |
| EERIMAC,period=1500 0   | 0.77778   | 0.88889   | 0.77778   | 0.72222   | 0.77778   | 0.77778   | 0.83333   | 0.77778   | 0.77778   | 0.77778   |
| RIMAC,period=1200 0     | 0.88889   | 0.88889   | 0.88889   | 0.88889   | 0.88889   | 0.88889   | 0.88889   | 0.77778   | 0.77778   | 0.88889   |
| RIMAC,period=1260 0     | 0.88889   | 0.88889   | 0.88889   | 0.88889   | 0.88889   | 0.88889   | 0.88889   | 0.88889   | 0.83333   | 0.88889   |
| RIMAC,period=1320 0     | 0.66667   | 0.77778   | 0.72222   | 0.72222   | 0.72222   | 0.72222   | 0.72222   | 0.72222   | 0.72222   | 0.72222   |
| RIMAC,period=1380 0     | 0.72222   | 0.77778   | 0.72222   | 0.72222   | 0.72222   | 0.72222   | 0.72222   | 0.77778   | 0.72222   | 0.72222   |
| RIMAC,period=1440 0     | 0.88889   | 0.88889   | 0.88889   | 0.77778   | 0.88889   | 0.88889   | 0.88889   | 0.88889   | 0.77778   | 0.77778   |
| RIMAC,period=1500 0     | 0.77778   | 0.88889   | 0.77778   | 0.72222   | 0.77778   | 0.77778   | 0.83333   | 0.77778   | 0.77778   | 0.77778   |
| SWPTMAC,period=1200 0   | -44.72222 | -51.88889 | -46.94444 | -58.33333 | -86.61111 | -48.33333 | -94       | -46.22222 | -65.66667 | -50.05556 |
| SWPTMAC,period=1260 0   | -44.94444 | -88.88889 | -82.44444 | -93.5     | -51.77778 | -46.61111 | -45.11111 | -82.11111 | -3.11111  | -35.55556 |
| SWPTMAC,period=1320 0   | -19.27778 | -19.61111 | -18.77778 | -17       | -56.88889 | -20.5     | -51.55556 | -19.83333 | -19.5     | -24.44444 |
| SWPTMAC,period=1380 0   | -1.61111  | -55.5     | 0.72222   | -0.61111  | 0.5       | -0.94444  | 0.16667   | -39.05556 | -33.72222 | -62.44444 |
| SWPTMAC,period=1440 0   | -9.05556  | -5.44444  | -4.88889  | -58.27778 | -6.38889  | -5.72222  | -6.27778  | -8.05556  | -57.44444 | -36.66667 |
| SWPTMAC,period=1500 0   | -3.72222  | -25.16667 | -3.5      | 0.72222   | -3.33333  | -3.66667  | -3.77778  | -3.16667  | -3.77778  | -3.38889  |
+-------------------------+-----------+-----------+-----------+-----------+-----------+-----------+-----------+-----------+-----------+-----------+


Communication.MAC:lossRate - lossRate
+---------------------+-----+-----+-----+-----+-----+-----+-----+-----+-----+------+
|                     | 0=0 | 0=1 | 0=2 | 0=3 | 0=4 | 0=6 | 0=7 | 0=8 | 0=9 | 0=10 |
+---------------------+-----+-----+-----+-----+-----+-----+-----+-----+-----+------+
| EERIMAC,period=1200 | 0.1 | 0.1 | 0.1 | 0.1 | 0.1 | 0.1 | 0.1 | 0.2 | 0.2 | 0.1  |
| EERIMAC,period=1260 | 0.1 | 0.1 | 0.1 | 0.1 | 0.1 | 0.1 | 0.1 | 0.1 | 0.2 | 0.1  |
| EERIMAC,period=1320 | 0.3 | 0.2 | 0.2 | 0.2 | 0.2 | 0.2 | 0.2 | 0.2 | 0.2 | 0.2  |
| EERIMAC,period=1380 | 0.2 | 0.2 | 0.2 | 0.2 | 0.2 | 0.2 | 0.2 | 0.2 | 0.2 | 0.2  |
| EERIMAC,period=1440 | 0.1 | 0.1 | 0.1 | 0.2 | 0.1 | 0.1 | 0.1 | 0.1 | 0.2 | 0.2  |
| EERIMAC,period=1500 | 0.2 | 0.1 | 0.2 | 0.3 | 0.2 | 0.2 | 0.1 | 0.2 | 0.2 | 0.2  |
| RIMAC,period=1200   | 0.1 | 0.1 | 0.1 | 0.1 | 0.1 | 0.1 | 0.1 | 0.2 | 0.2 | 0.1  |
| RIMAC,period=1260   | 0.1 | 0.1 | 0.1 | 0.1 | 0.1 | 0.1 | 0.1 | 0.1 | 0.1 | 0.1  |
| RIMAC,period=1320   | 0.3 | 0.1 | 0.2 | 0.2 | 0.2 | 0.2 | 0.2 | 0.2 | 0.2 | 0.2  |
| RIMAC,period=1380   | 0.2 | 0.2 | 0.2 | 0.2 | 0.2 | 0.2 | 0.2 | 0.2 | 0.2 | 0.2  |
| RIMAC,period=1440   | 0.1 | 0.1 | 0.1 | 0.2 | 0.1 | 0.1 | 0.1 | 0.1 | 0.2 | 0.2  |
| RIMAC,period=1500   | 0.2 | 0.1 | 0.2 | 0.3 | 0.2 | 0.2 | 0.1 | 0.2 | 0.2 | 0.2  |
| SWPTMAC,period=1200 | 0.1 | 0.1 | 0.1 | 0.1 | 0   | 0.1 | 0   | 0.1 | 0   | 0.1  |
| SWPTMAC,period=1260 | 0.1 | 0   | 0   | 0   | 0.1 | 0.1 | 0.1 | 0   | 0.2 | 0.1  |
| SWPTMAC,period=1320 | 0.2 | 0.2 | 0.2 | 0.2 | 0.1 | 0.2 | 0.1 | 0.2 | 0.2 | 0.2  |
| SWPTMAC,period=1380 | 0.1 | 0.1 | 0.2 | 0.1 | 0.1 | 0.1 | 0.1 | 0.1 | 0.1 | 0    |
| SWPTMAC,period=1440 | 0   | 0   | 0   | 0.1 | 0   | 0   | 0   | 0   | 0.1 | 0    |
| SWPTMAC,period=1500 | 0   | 0.1 | 0.1 | 0.2 | 0.1 | 0.1 | 0.1 | 0.1 | 0.1 | 0.1  |
+---------------------+-----+-----+-----+-----+-----+-----+-----+-----+-----+------+
Communication.MAC:lossRate - all values
+-----------------------+-----+-----+-----+-----+-----+-----+-----+-----+-----+------+
|                       | 0=0 | 0=1 | 0=2 | 0=3 | 0=4 | 0=6 | 0=7 | 0=8 | 0=9 | 0=10 |
+-----------------------+-----+-----+-----+-----+-----+-----+-----+-----+-----+------+
| EERIMAC,period=1200 0 | 0.1 | 0.1 | 0.1 | 0.1 | 0.1 | 0.1 | 0.1 | 0.2 | 0.2 | 0.1  |
| EERIMAC,period=1260 0 | 0.1 | 0.1 | 0.1 | 0.1 | 0.1 | 0.1 | 0.1 | 0.1 | 0.2 | 0.1  |
| EERIMAC,period=1320 0 | 0.3 | 0.2 | 0.2 | 0.2 | 0.2 | 0.2 | 0.2 | 0.2 | 0.2 | 0.2  |
| EERIMAC,period=1380 0 | 0.2 | 0.2 | 0.2 | 0.2 | 0.2 | 0.2 | 0.2 | 0.2 | 0.2 | 0.2  |
| EERIMAC,period=1440 0 | 0.1 | 0.1 | 0.1 | 0.2 | 0.1 | 0.1 | 0.1 | 0.1 | 0.2 | 0.2  |
| EERIMAC,period=1500 0 | 0.2 | 0.1 | 0.2 | 0.3 | 0.2 | 0.2 | 0.1 | 0.2 | 0.2 | 0.2  |
| RIMAC,period=1200 0   | 0.1 | 0.1 | 0.1 | 0.1 | 0.1 | 0.1 | 0.1 | 0.2 | 0.2 | 0.1  |
| RIMAC,period=1260 0   | 0.1 | 0.1 | 0.1 | 0.1 | 0.1 | 0.1 | 0.1 | 0.1 | 0.1 | 0.1  |
| RIMAC,period=1320 0   | 0.3 | 0.1 | 0.2 | 0.2 | 0.2 | 0.2 | 0.2 | 0.2 | 0.2 | 0.2  |
| RIMAC,period=1380 0   | 0.2 | 0.2 | 0.2 | 0.2 | 0.2 | 0.2 | 0.2 | 0.2 | 0.2 | 0.2  |
| RIMAC,period=1440 0   | 0.1 | 0.1 | 0.1 | 0.2 | 0.1 | 0.1 | 0.1 | 0.1 | 0.2 | 0.2  |
| RIMAC,period=1500 0   | 0.2 | 0.1 | 0.2 | 0.3 | 0.2 | 0.2 | 0.1 | 0.2 | 0.2 | 0.2  |
| SWPTMAC,period=1200 0 | 0.1 | 0.1 | 0.1 | 0.1 | 0   | 0.1 | 0   | 0.1 | 0   | 0.1  |
| SWPTMAC,period=1260 0 | 0.1 | 0   | 0   | 0   | 0.1 | 0.1 | 0.1 | 0   | 0.2 | 0.1  |
| SWPTMAC,period=1320 0 | 0.2 | 0.2 | 0.2 | 0.2 | 0.1 | 0.2 | 0.1 | 0.2 | 0.2 | 0.2  |
| SWPTMAC,period=1380 0 | 0.1 | 0.1 | 0.2 | 0.1 | 0.1 | 0.1 | 0.1 | 0.1 | 0.1 | 0    |
| SWPTMAC,period=1440 0 | 0   | 0   | 0   | 0.1 | 0   | 0   | 0   | 0   | 0.1 | 0    |
| SWPTMAC,period=1500 0 | 0   | 0.1 | 0.1 | 0.2 | 0.1 | 0.1 | 0.1 | 0.1 | 0.1 | 0.1  |
+-----------------------+-----+-----+-----+-----+-----+-----+-----+-----+-----+------+

