CastaliaResults -i 230705-150106.txt -s byte                                             

Application:Bytes delivered - total
+-----------------------+---------+----------+----------+---------+----------+----------+----------+----------+----------+---------+
|                       | 0=0     | 0=1      | 0=2      | 0=3     | 0=4      | 0=6      | 0=7      | 0=8      | 0=9      | 0=10    |
+-----------------------+---------+----------+----------+---------+----------+----------+----------+----------+----------+---------+
| BypassMAC,payload=50  | 26950   | 26620    | 26510    | 26702.5 | 26895    | 26675    | 26675    | 26812.5  | 26840    | 26812.5 |
| BypassMAC,payload=100 | 50400   | 49980    | 49822.5  | 49927.5 | 50872.5  | 50137.5  | 50347.5  | 50452.5  | 50295    | 50715   |
| BypassMAC,payload=150 | 73160   | 72385    | 72385    | 72307.5 | 74400    | 72772.5  | 72462.5  | 73702.5  | 72695    | 73625   |
| BypassMAC,payload=200 | 94607.5 | 95222.5  | 93377.5  | 93787.5 | 96965    | 94710    | 93787.5  | 95632.5  | 94710    | 96145   |
| BypassMAC,payload=250 | 116280  | 115132.5 | 113347.5 | 115005  | 118447.5 | 116407.5 | 115132.5 | 117682.5 | 115897.5 | 118065  |
| EERIMAC,payload=50    | 4400    | 1485     | 55       | 385     | 110      | 687.5    | 275      | 495      | 55       | 275     |
| EERIMAC,payload=100   | 2047.5  | 2835     | 105      | 735     | 210      | 1312.5   | 472.5    | 1365     | 105      | 525     |
| EERIMAC,payload=150   | 155     | 1472.5   | 155      | 1085    | 310      | 1937.5   | 697.5    | 2015     | 77.5     | 775     |
| EERIMAC,payload=200   | 102.5   | 1947.5   | 205      | 1435    | 410      | 1025     | 922.5    | 2665     | 102.5    | 615     |
| EERIMAC,payload=250   | 127.5   | 2422.5   | 255      | 1785    | 255      | 1275     | 1147.5   | 3315     | 127.5    | 765     |
| RIMAC,payload=50      | 1127.5  | 1815     | 55       | 385     | 110      | 687.5    | 275      | 495      | 55       | 275     |
| RIMAC,payload=100     | 2152.5  | 3465     | 105      | 735     | 210      | 1312.5   | 472.5    | 1365     | 105      | 525     |
| RIMAC,payload=150     | 155     | 1472.5   | 155      | 1085    | 310      | 1937.5   | 697.5    | 2015     | 77.5     | 775     |
| RIMAC,payload=200     | 102.5   | 1947.5   | 205      | 1435    | 410      | 1025     | 922.5    | 2665     | 102.5    | 615     |
| RIMAC,payload=250     | 127.5   | 2422.5   | 255      | 1785    | 255      | 1275     | 1147.5   | 3315     | 127.5    | 765     |
| SWPTMAC,payload=50    | 4400    | 1485     | 55       | 385     | 110      | 687.5    | 275      | 495      | 55       | 275     |
| SWPTMAC,payload=100   | 2047.5  | 2835     | 105      | 735     | 210      | 1312.5   | 472.5    | 1365     | 105      | 525     |
| SWPTMAC,payload=150   | 155     | 1472.5   | 155      | 1085    | 310      | 1937.5   | 697.5    | 2015     | 77.5     | 775     |
| SWPTMAC,payload=200   | 102.5   | 1947.5   | 205      | 1435    | 410      | 1025     | 922.5    | 2665     | 102.5    | 615     |
| SWPTMAC,payload=250   | 127.5   | 2422.5   | 255      | 1785    | 255      | 1275     | 1147.5   | 3315     | 127.5    | 765     |
+-----------------------+---------+----------+----------+---------+----------+----------+----------+----------+----------+---------+


Application:Bytes received - total
+-----------------------+-----+-----+-----+-----+-----+-----+-----+-----+-----+------+
|                       | 0=0 | 0=1 | 0=2 | 0=3 | 0=4 | 0=6 | 0=7 | 0=8 | 0=9 | 0=10 |
+-----------------------+-----+-----+-----+-----+-----+-----+-----+-----+-----+------+
| BypassMAC,payload=50  | 0   | 0   | 0   | 0   | 0   | 0   | 0   | 0   | 0   | 0    |
| BypassMAC,payload=100 | 0   | 0   | 0   | 0   | 0   | 0   | 0   | 0   | 0   | 0    |
| BypassMAC,payload=150 | 0   | 0   | 0   | 0   | 0   | 0   | 0   | 0   | 0   | 0    |
| BypassMAC,payload=200 | 0   | 0   | 0   | 0   | 0   | 0   | 0   | 0   | 0   | 0    |
| BypassMAC,payload=250 | 0   | 0   | 0   | 0   | 0   | 0   | 0   | 0   | 0   | 0    |
| EERIMAC,payload=50    | 0   | 0   | 0   | 0   | 0   | 0   | 0   | 0   | 0   | 0    |
| EERIMAC,payload=100   | 0   | 0   | 0   | 0   | 0   | 0   | 0   | 0   | 0   | 0    |
| EERIMAC,payload=150   | 0   | 0   | 0   | 0   | 0   | 0   | 0   | 0   | 0   | 0    |
| EERIMAC,payload=200   | 0   | 0   | 0   | 0   | 0   | 0   | 0   | 0   | 0   | 0    |
| EERIMAC,payload=250   | 0   | 0   | 0   | 0   | 0   | 0   | 0   | 0   | 0   | 0    |
| RIMAC,payload=50      | 0   | 0   | 0   | 0   | 0   | 0   | 0   | 0   | 0   | 0    |
| RIMAC,payload=100     | 0   | 0   | 0   | 0   | 0   | 0   | 0   | 0   | 0   | 0    |
| RIMAC,payload=150     | 0   | 0   | 0   | 0   | 0   | 0   | 0   | 0   | 0   | 0    |
| RIMAC,payload=200     | 0   | 0   | 0   | 0   | 0   | 0   | 0   | 0   | 0   | 0    |
| RIMAC,payload=250     | 0   | 0   | 0   | 0   | 0   | 0   | 0   | 0   | 0   | 0    |
| SWPTMAC,payload=50    | 0   | 0   | 0   | 0   | 0   | 0   | 0   | 0   | 0   | 0    |
| SWPTMAC,payload=100   | 0   | 0   | 0   | 0   | 0   | 0   | 0   | 0   | 0   | 0    |
| SWPTMAC,payload=150   | 0   | 0   | 0   | 0   | 0   | 0   | 0   | 0   | 0   | 0    |
| SWPTMAC,payload=200   | 0   | 0   | 0   | 0   | 0   | 0   | 0   | 0   | 0   | 0    |
| SWPTMAC,payload=250   | 0   | 0   | 0   | 0   | 0   | 0   | 0   | 0   | 0   | 0    |
+-----------------------+-----+-----+-----+-----+-----+-----+-----+-----+-----+------+

