CastaliaResults -i 230501-091247.txt -s remaining --all -c 95                                                              

ResourceManager:Remaining Energy
+--------------------+----------+----------+----------+----------+----------+----------+----------+----------+----------+----------+----------+----------+----------+----------+----------+----------+----------+----------+----------+----------+----------+----------+----------+----------+----------+----------+----------+----------+----------+----------+
|                    | 0=0      | 0=1      | 0=2      | 0=3      | 0=4      | 0=6      | 0=7      | 0=8      | 0=9      | 0=10     | 0=11     | 0=12     | 0=13     | 0=14     | 0=15     | 0=16     | 0=17     | 0=18     | 0=19     | 0=20     | 0=21     | 0=22     | 0=23     | 0=24     | 0=25     | 0=26     | 0=27     | 0=28     | 0=29     | 0=30     |
+--------------------+----------+----------+----------+----------+----------+----------+----------+----------+----------+----------+----------+----------+----------+----------+----------+----------+----------+----------+----------+----------+----------+----------+----------+----------+----------+----------+----------+----------+----------+----------+
| BypassMAC,drones=1 | 29755.2  | 29755.2  | 29755.2  | 29755.2  | 29755.2  | 29755.2  | 29755.2  | 29755.2  | 29755.2  | 29755.2  | 29755.2  | 29755.2  | 29755.2  | 29755.2  | 29755.2  | 29755.2  | 29755.2  | 29755.2  | 29755.2  | 29755.2  | 29755.2  | 29755.2  | 29755.2  | 29755.2  | 29755.2  | 29755.2  | 29755.2  | 29755.2  | 29755.2  | 29755.2  |
| BypassMAC,drones=2 | 29755.2  | 29755.2  | 29755.2  | 29755.2  | 29755.2  | 29755.2  | 29755.2  | 29755.2  | 29755.2  | 29755.2  | 29755.2  | 29755.2  | 29755.2  | 29755.2  | 29755.2  | 29755.2  | 29755.2  | 29755.2  | 29755.2  | 29755.2  | 29755.2  | 29755.2  | 29755.2  | 29755.2  | 29755.2  | 29755.2  | 29755.2  | 29755.2  | 29755.2  | 29755.2  |
| BypassMAC,drones=3 | 29755.2  | 29755.2  | 29755.2  | 29755.2  | 29755.2  | 29755.2  | 29755.2  | 29755.2  | 29755.2  | 29755.2  | 29755.2  | 29755.2  | 29755.2  | 29755.2  | 29755.2  | 29755.2  | 29755.2  | 29755.2  | 29755.2  | 29755.2  | 29755.2  | 29755.2  | 29755.2  | 29755.2  | 29755.2  | 29755.2  | 29755.2  | 29755.2  | 29755.2  | 29755.2  |
| BypassMAC,drones=4 | 29755.2  | 29755.2  | 29755.2  | 29755.2  | 29755.2  | 29755.2  | 29755.2  | 29755.2  | 29755.2  | 29755.2  | 29755.2  | 29755.2  | 29755.2  | 29755.2  | 29755.2  | 29755.2  | 29755.2  | 29755.2  | 29755.2  | 29755.2  | 29755.2  | 29755.2  | 29755.2  | 29755.2  | 29755.2  | 29755.2  | 29755.2  | 29755.2  | 29755.2  | 29755.2  |
| EERIMAC,drones=1   | 29941.82 | 29941.78 | 29941.86 | 29941.86 | 29941.86 | 29941.86 | 29941.82 | 29941.86 | 29941.88 | 29941.86 | 29941.84 | 29941.78 | 29941.88 | 29941.8  | 29941.84 | 29941.86 | 29941.84 | 29928.2  | 29941.82 | 29941.88 | 29941.84 | 29928.2  | 29941.82 | 29941.82 | 29941.82 | 29941.82 | 29928.2  | 29928.2  | 29941.8  | 29941.84 |
| EERIMAC,drones=2   | 29941.82 | 29941.78 | 29941.86 | 29941.86 | 29941.86 | 29941.86 | 29941.82 | 29941.86 | 29941.88 | 29941.86 | 29941.84 | 29941.78 | 29941.88 | 29941.8  | 29941.84 | 29941.86 | 29941.84 | 29928.2  | 29941.82 | 29941.88 | 29941.84 | 29928.2  | 29941.82 | 29941.82 | 29941.82 | 29941.82 | 29928.2  | 29928.2  | 29941.8  | 29941.84 |
| EERIMAC,drones=3   | 29941.82 | 29941.78 | 29941.86 | 29941.86 | 29941.86 | 29941.86 | 29941.82 | 29941.86 | 29941.88 | 29941.86 | 29941.84 | 29941.78 | 29941.88 | 29941.8  | 29941.84 | 29941.86 | 29941.84 | 29928.2  | 29941.82 | 29941.88 | 29941.84 | 29928.2  | 29941.82 | 29941.82 | 29941.82 | 29941.82 | 29928.2  | 29928.2  | 29941.8  | 29941.84 |
| EERIMAC,drones=4   | 29941.82 | 29941.78 | 29941.86 | 29941.86 | 29941.86 | 29941.86 | 29941.82 | 29941.86 | 29941.88 | 29941.86 | 29941.84 | 29941.78 | 29941.88 | 29941.8  | 29941.84 | 29941.86 | 29941.84 | 29928.2  | 29941.82 | 29941.88 | 29941.84 | 29928.2  | 29941.82 | 29941.82 | 29941.82 | 29941.82 | 29928.2  | 29928.2  | 29941.8  | 29941.84 |
| RIMAC,drones=1     | 29900.92 | 29900.9  | 29900.96 | 29900.96 | 29900.94 | 29900.96 | 29900.94 | 29900.94 | 29900.96 | 29900.98 | 29900.92 | 29900.9  | 29900.96 | 29900.9  | 29900.94 | 29900.94 | 29900.94 | 29900.94 | 29900.92 | 29900.96 | 29900.94 | 29900.92 | 29900.92 | 29900.92 | 29900.92 | 29900.92 | 29900.92 | 29900.94 | 29900.9  | 29900.94 |
| RIMAC,drones=2     | 29900.92 | 29900.9  | 29900.96 | 29900.96 | 29900.94 | 29900.96 | 29900.94 | 29900.94 | 29900.96 | 29900.98 | 29900.92 | 29900.9  | 29900.96 | 29900.9  | 29900.94 | 29900.94 | 29900.94 | 29900.94 | 29900.92 | 29900.96 | 29900.94 | 29900.92 | 29900.92 | 29900.92 | 29900.92 | 29900.92 | 29900.92 | 29900.94 | 29900.9  | 29900.94 |
| RIMAC,drones=3     | 29900.92 | 29900.9  | 29900.96 | 29900.96 | 29900.94 | 29900.96 | 29900.94 | 29900.94 | 29900.96 | 29900.98 | 29900.92 | 29900.9  | 29900.96 | 29900.9  | 29900.94 | 29900.94 | 29900.94 | 29900.94 | 29900.92 | 29900.96 | 29900.94 | 29900.92 | 29900.92 | 29900.92 | 29900.92 | 29900.92 | 29900.92 | 29900.94 | 29900.9  | 29900.94 |
| RIMAC,drones=4     | 29900.92 | 29900.9  | 29900.96 | 29900.96 | 29900.94 | 29900.96 | 29900.94 | 29900.94 | 29900.96 | 29900.98 | 29900.92 | 29900.9  | 29900.96 | 29900.9  | 29900.94 | 29900.94 | 29900.94 | 29900.94 | 29900.92 | 29900.96 | 29900.94 | 29900.92 | 29900.92 | 29900.92 | 29900.92 | 29900.92 | 29900.92 | 29900.94 | 29900.9  | 29900.94 |
| SWPTMAC,drones=1   | 29945.5  | 29945.46 | 29945.54 | 29945.52 | 29945.54 | 29945.54 | 29945.48 | 29945.52 | 29945.52 | 29945.54 | 29945.52 | 29945.46 | 29945.54 | 29945.48 | 29945.5  | 29945.52 | 29945.52 | 29931.86 | 29945.5  | 29945.54 | 29945.52 | 29931.88 | 29945.5  | 29945.52 | 29945.5  | 29945.5  | 29931.88 | 29931.88 | 29945.48 | 29945.52 |
| SWPTMAC,drones=2   | 29949.18 | 29949.14 | 29949.2  | 29949.18 | 29949.2  | 29949.2  | 29949.14 | 29949.18 | 29949.18 | 29949.2  | 29949.18 | 29949.14 | 29949.2  | 29949.14 | 29949.16 | 29949.18 | 29949.18 | 29935.52 | 29949.14 | 29949.2  | 29949.2  | 29935.54 | 29949.16 | 29949.18 | 29949.18 | 29949.16 | 29935.54 | 29935.54 | 29949.14 | 29949.18 |
| SWPTMAC,drones=3   | 29949.18 | 29949.14 | 29949.2  | 29949.18 | 29949.2  | 29949.2  | 29949.14 | 29949.18 | 29949.18 | 29949.2  | 29949.18 | 29949.14 | 29949.2  | 29949.14 | 29949.16 | 29949.18 | 29949.18 | 29935.52 | 29949.14 | 29949.2  | 29949.2  | 29935.54 | 29949.16 | 29949.18 | 29949.18 | 29949.16 | 29935.54 | 29935.54 | 29949.14 | 29949.18 |
| SWPTMAC,drones=4   | 29949.18 | 29949.14 | 29949.2  | 29949.18 | 29949.2  | 29949.2  | 29949.14 | 29949.18 | 29949.18 | 29949.2  | 29949.18 | 29949.14 | 29949.2  | 29949.14 | 29949.16 | 29949.18 | 29949.18 | 29935.52 | 29949.14 | 29949.2  | 29949.2  | 29935.54 | 29949.16 | 29949.18 | 29949.18 | 29949.16 | 29935.54 | 29935.54 | 29949.14 | 29949.18 |
+--------------------+----------+----------+----------+----------+----------+----------+----------+----------+----------+----------+----------+----------+----------+----------+----------+----------+----------+----------+----------+----------+----------+----------+----------+----------+----------+----------+----------+----------+----------+----------+
ResourceManager:Remaining Energy - all values
+----------------------+----------+----------+----------+----------+----------+----------+----------+----------+----------+----------+----------+----------+----------+----------+----------+----------+----------+----------+----------+----------+----------+----------+----------+----------+----------+----------+----------+----------+----------+----------+
|                      | 0=0      | 0=1      | 0=2      | 0=3      | 0=4      | 0=6      | 0=7      | 0=8      | 0=9      | 0=10     | 0=11     | 0=12     | 0=13     | 0=14     | 0=15     | 0=16     | 0=17     | 0=18     | 0=19     | 0=20     | 0=21     | 0=22     | 0=23     | 0=24     | 0=25     | 0=26     | 0=27     | 0=28     | 0=29     | 0=30     |
+----------------------+----------+----------+----------+----------+----------+----------+----------+----------+----------+----------+----------+----------+----------+----------+----------+----------+----------+----------+----------+----------+----------+----------+----------+----------+----------+----------+----------+----------+----------+----------+
| BypassMAC,drones=1 0 | 29755.2  | 29755.2  | 29755.2  | 29755.2  | 29755.2  | 29755.2  | 29755.2  | 29755.2  | 29755.2  | 29755.2  | 29755.2  | 29755.2  | 29755.2  | 29755.2  | 29755.2  | 29755.2  | 29755.2  | 29755.2  | 29755.2  | 29755.2  | 29755.2  | 29755.2  | 29755.2  | 29755.2  | 29755.2  | 29755.2  | 29755.2  | 29755.2  | 29755.2  | 29755.2  |
| BypassMAC,drones=2 0 | 29755.2  | 29755.2  | 29755.2  | 29755.2  | 29755.2  | 29755.2  | 29755.2  | 29755.2  | 29755.2  | 29755.2  | 29755.2  | 29755.2  | 29755.2  | 29755.2  | 29755.2  | 29755.2  | 29755.2  | 29755.2  | 29755.2  | 29755.2  | 29755.2  | 29755.2  | 29755.2  | 29755.2  | 29755.2  | 29755.2  | 29755.2  | 29755.2  | 29755.2  | 29755.2  |
| BypassMAC,drones=3 0 | 29755.2  | 29755.2  | 29755.2  | 29755.2  | 29755.2  | 29755.2  | 29755.2  | 29755.2  | 29755.2  | 29755.2  | 29755.2  | 29755.2  | 29755.2  | 29755.2  | 29755.2  | 29755.2  | 29755.2  | 29755.2  | 29755.2  | 29755.2  | 29755.2  | 29755.2  | 29755.2  | 29755.2  | 29755.2  | 29755.2  | 29755.2  | 29755.2  | 29755.2  | 29755.2  |
| BypassMAC,drones=4 0 | 29755.2  | 29755.2  | 29755.2  | 29755.2  | 29755.2  | 29755.2  | 29755.2  | 29755.2  | 29755.2  | 29755.2  | 29755.2  | 29755.2  | 29755.2  | 29755.2  | 29755.2  | 29755.2  | 29755.2  | 29755.2  | 29755.2  | 29755.2  | 29755.2  | 29755.2  | 29755.2  | 29755.2  | 29755.2  | 29755.2  | 29755.2  | 29755.2  | 29755.2  | 29755.2  |
| EERIMAC,drones=1 0   | 29941.82 | 29941.78 | 29941.86 | 29941.86 | 29941.86 | 29941.86 | 29941.82 | 29941.86 | 29941.88 | 29941.86 | 29941.84 | 29941.78 | 29941.88 | 29941.8  | 29941.84 | 29941.86 | 29941.84 | 29928.2  | 29941.82 | 29941.88 | 29941.84 | 29928.2  | 29941.82 | 29941.82 | 29941.82 | 29941.82 | 29928.2  | 29928.2  | 29941.8  | 29941.84 |
| EERIMAC,drones=2 0   | 29941.82 | 29941.78 | 29941.86 | 29941.86 | 29941.86 | 29941.86 | 29941.82 | 29941.86 | 29941.88 | 29941.86 | 29941.84 | 29941.78 | 29941.88 | 29941.8  | 29941.84 | 29941.86 | 29941.84 | 29928.2  | 29941.82 | 29941.88 | 29941.84 | 29928.2  | 29941.82 | 29941.82 | 29941.82 | 29941.82 | 29928.2  | 29928.2  | 29941.8  | 29941.84 |
| EERIMAC,drones=3 0   | 29941.82 | 29941.78 | 29941.86 | 29941.86 | 29941.86 | 29941.86 | 29941.82 | 29941.86 | 29941.88 | 29941.86 | 29941.84 | 29941.78 | 29941.88 | 29941.8  | 29941.84 | 29941.86 | 29941.84 | 29928.2  | 29941.82 | 29941.88 | 29941.84 | 29928.2  | 29941.82 | 29941.82 | 29941.82 | 29941.82 | 29928.2  | 29928.2  | 29941.8  | 29941.84 |
| EERIMAC,drones=4 0   | 29941.82 | 29941.78 | 29941.86 | 29941.86 | 29941.86 | 29941.86 | 29941.82 | 29941.86 | 29941.88 | 29941.86 | 29941.84 | 29941.78 | 29941.88 | 29941.8  | 29941.84 | 29941.86 | 29941.84 | 29928.2  | 29941.82 | 29941.88 | 29941.84 | 29928.2  | 29941.82 | 29941.82 | 29941.82 | 29941.82 | 29928.2  | 29928.2  | 29941.8  | 29941.84 |
| RIMAC,drones=1 0     | 29900.92 | 29900.9  | 29900.96 | 29900.96 | 29900.94 | 29900.96 | 29900.94 | 29900.94 | 29900.96 | 29900.98 | 29900.92 | 29900.9  | 29900.96 | 29900.9  | 29900.94 | 29900.94 | 29900.94 | 29900.94 | 29900.92 | 29900.96 | 29900.94 | 29900.92 | 29900.92 | 29900.92 | 29900.92 | 29900.92 | 29900.92 | 29900.94 | 29900.9  | 29900.94 |
| RIMAC,drones=2 0     | 29900.92 | 29900.9  | 29900.96 | 29900.96 | 29900.94 | 29900.96 | 29900.94 | 29900.94 | 29900.96 | 29900.98 | 29900.92 | 29900.9  | 29900.96 | 29900.9  | 29900.94 | 29900.94 | 29900.94 | 29900.94 | 29900.92 | 29900.96 | 29900.94 | 29900.92 | 29900.92 | 29900.92 | 29900.92 | 29900.92 | 29900.92 | 29900.94 | 29900.9  | 29900.94 |
| RIMAC,drones=3 0     | 29900.92 | 29900.9  | 29900.96 | 29900.96 | 29900.94 | 29900.96 | 29900.94 | 29900.94 | 29900.96 | 29900.98 | 29900.92 | 29900.9  | 29900.96 | 29900.9  | 29900.94 | 29900.94 | 29900.94 | 29900.94 | 29900.92 | 29900.96 | 29900.94 | 29900.92 | 29900.92 | 29900.92 | 29900.92 | 29900.92 | 29900.92 | 29900.94 | 29900.9  | 29900.94 |
| RIMAC,drones=4 0     | 29900.92 | 29900.9  | 29900.96 | 29900.96 | 29900.94 | 29900.96 | 29900.94 | 29900.94 | 29900.96 | 29900.98 | 29900.92 | 29900.9  | 29900.96 | 29900.9  | 29900.94 | 29900.94 | 29900.94 | 29900.94 | 29900.92 | 29900.96 | 29900.94 | 29900.92 | 29900.92 | 29900.92 | 29900.92 | 29900.92 | 29900.92 | 29900.94 | 29900.9  | 29900.94 |
| SWPTMAC,drones=1 0   | 29945.5  | 29945.46 | 29945.54 | 29945.52 | 29945.54 | 29945.54 | 29945.48 | 29945.52 | 29945.52 | 29945.54 | 29945.52 | 29945.46 | 29945.54 | 29945.48 | 29945.5  | 29945.52 | 29945.52 | 29931.86 | 29945.5  | 29945.54 | 29945.52 | 29931.88 | 29945.5  | 29945.52 | 29945.5  | 29945.5  | 29931.88 | 29931.88 | 29945.48 | 29945.52 |
| SWPTMAC,drones=2 0   | 29949.18 | 29949.14 | 29949.2  | 29949.18 | 29949.2  | 29949.2  | 29949.14 | 29949.18 | 29949.18 | 29949.2  | 29949.18 | 29949.14 | 29949.2  | 29949.14 | 29949.16 | 29949.18 | 29949.18 | 29935.52 | 29949.14 | 29949.2  | 29949.2  | 29935.54 | 29949.16 | 29949.18 | 29949.18 | 29949.16 | 29935.54 | 29935.54 | 29949.14 | 29949.18 |
| SWPTMAC,drones=3 0   | 29949.18 | 29949.14 | 29949.2  | 29949.18 | 29949.2  | 29949.2  | 29949.14 | 29949.18 | 29949.18 | 29949.2  | 29949.18 | 29949.14 | 29949.2  | 29949.14 | 29949.16 | 29949.18 | 29949.18 | 29935.52 | 29949.14 | 29949.2  | 29949.2  | 29935.54 | 29949.16 | 29949.18 | 29949.18 | 29949.16 | 29935.54 | 29935.54 | 29949.14 | 29949.18 |
| SWPTMAC,drones=4 0   | 29949.18 | 29949.14 | 29949.2  | 29949.18 | 29949.2  | 29949.2  | 29949.14 | 29949.18 | 29949.18 | 29949.2  | 29949.18 | 29949.14 | 29949.2  | 29949.14 | 29949.16 | 29949.18 | 29949.18 | 29935.52 | 29949.14 | 29949.2  | 29949.2  | 29935.54 | 29949.16 | 29949.18 | 29949.18 | 29949.16 | 29935.54 | 29935.54 | 29949.14 | 29949.18 |
+----------------------+----------+----------+----------+----------+----------+----------+----------+----------+----------+----------+----------+----------+----------+----------+----------+----------+----------+----------+----------+----------+----------+----------+----------+----------+----------+----------+----------+----------+----------+----------+

