CastaliaResults -i 230428-172347.txt -s remaining --all -c 95                                                              

ResourceManager:Remaining Energy
+-----------------------+----------+----------+----------+----------+----------+----------+----------+----------+----------+----------+----------+----------+----------+----------+----------+----------+----------+----------+----------+----------+----------+----------+----------+----------+----------+----------+----------+----------+----------+----------+
|                       | 0=0      | 0=1      | 0=2      | 0=3      | 0=4      | 0=6      | 0=7      | 0=8      | 0=9      | 0=10     | 0=11     | 0=12     | 0=13     | 0=14     | 0=15     | 0=16     | 0=17     | 0=18     | 0=19     | 0=20     | 0=21     | 0=22     | 0=23     | 0=24     | 0=25     | 0=26     | 0=27     | 0=28     | 0=29     | 0=30     |
+-----------------------+----------+----------+----------+----------+----------+----------+----------+----------+----------+----------+----------+----------+----------+----------+----------+----------+----------+----------+----------+----------+----------+----------+----------+----------+----------+----------+----------+----------+----------+----------+
| BypassMAC,period=600  | 29755.2  | 29755.2  | 29755.2  | 29755.2  | 29755.2  | 29755.2  | 29755.2  | 29755.2  | 29755.2  | 29755.2  | 29755.2  | 29755.2  | 29755.2  | 29755.2  | 29755.2  | 29755.2  | 29755.2  | 29755.2  | 29755.2  | 29755.2  | 29755.2  | 29755.2  | 29755.2  | 29755.2  | 29755.2  | 29755.2  | 29755.2  | 29755.2  | 29755.2  | 29755.2  |
| BypassMAC,period=900  | 29755.2  | 29755.2  | 29755.2  | 29755.2  | 29755.2  | 29755.2  | 29755.2  | 29755.2  | 29755.2  | 29755.2  | 29755.2  | 29755.2  | 29755.2  | 29755.2  | 29755.2  | 29755.2  | 29755.2  | 29755.2  | 29755.2  | 29755.2  | 29755.2  | 29755.2  | 29755.2  | 29755.2  | 29755.2  | 29755.2  | 29755.2  | 29755.2  | 29755.2  | 29755.2  |
| BypassMAC,period=1200 | 29755.2  | 29755.2  | 29755.2  | 29755.2  | 29755.2  | 29755.2  | 29755.2  | 29755.2  | 29755.2  | 29755.2  | 29755.2  | 29755.2  | 29755.2  | 29755.2  | 29755.2  | 29755.2  | 29755.2  | 29755.2  | 29755.2  | 29755.2  | 29755.2  | 29755.2  | 29755.2  | 29755.2  | 29755.2  | 29755.2  | 29755.2  | 29755.2  | 29755.2  | 29755.2  |
| BypassMAC,period=1500 | 29755.2  | 29755.2  | 29755.2  | 29755.2  | 29755.2  | 29755.2  | 29755.2  | 29755.2  | 29755.2  | 29755.2  | 29755.2  | 29755.2  | 29755.2  | 29755.2  | 29755.2  | 29755.2  | 29755.2  | 29755.2  | 29755.2  | 29755.2  | 29755.2  | 29755.2  | 29755.2  | 29755.2  | 29755.2  | 29755.2  | 29755.2  | 29755.2  | 29755.2  | 29755.2  |
| BypassMAC,period=1800 | 29755.2  | 29755.2  | 29755.2  | 29755.2  | 29755.2  | 29755.2  | 29755.2  | 29755.2  | 29755.2  | 29755.2  | 29755.2  | 29755.2  | 29755.2  | 29755.2  | 29755.2  | 29755.2  | 29755.2  | 29755.2  | 29755.2  | 29755.2  | 29755.2  | 29755.2  | 29755.2  | 29755.2  | 29755.2  | 29755.2  | 29755.2  | 29755.2  | 29755.2  | 29755.2  |
| EERIMAC,period=600    | 29828.43 | 29816.4  | 29825.81 | 29822.54 | 29820.62 | 29828.43 | 29828.43 | 29814.87 | 29828.45 | 29828.46 | 29828.44 | 29850.5  | 29838.13 | 29828.46 | 29828.45 | 29838.11 | 29833.79 | 29828.43 | 29828.42 | 29828.45 | 29836.98 | 29828.46 | 29828.42 | 29828.45 | 29850.53 | 29834.97 | 29828.44 | 29827.67 | 29827.67 | 29828.45 |
| EERIMAC,period=900    | 29847.69 | 29842.32 | 29842.34 | 29865.14 | 29856.38 | 29831.95 | 29830.03 | 29842.34 | 29843.75 | 29839.71 | 29842.34 | 29845.07 | 29842.33 | 29842.36 | 29842.34 | 29852.72 | 29837.15 | 29851.99 | 29842.32 | 29842.35 | 29842.34 | 29831.94 | 29842.35 | 29842.33 | 29842.35 | 29842.33 | 29842.34 | 29839.69 | 29857.12 | 29839.69 |
| EERIMAC,period=1200   | 29865.12 | 29854.27 | 29854.28 | 29854.26 | 29855.47 | 29854.28 | 29851.99 | 29861.08 | 29862.44 | 29854.3  | 29854.29 | 29866.53 | 29854.28 | 29854.29 | 29863.08 | 29850.81 | 29859.6  | 29854.29 | 29854.26 | 29875.57 | 29873.62 | 29854.27 | 29854.29 | 29854.29 | 29859.62 | 29866.55 | 29854.27 | 29854.29 | 29854.26 | 29845.69 |
| EERIMAC,period=1500   | 29879.33 | 29866.72 | 29877.81 | 29887.3  | 29879.35 | 29879.35 | 29878.74 | 29878.97 | 29879.32 | 29879.35 | 29888.63 | 29878.56 | 29879.34 | 29879.36 | 29887.48 | 29868.2  | 29879.35 | 29879.35 | 29879.33 | 29879.35 | 29878.76 | 29879.33 | 29879.32 | 29879.33 | 29879.32 | 29879.33 | 29879.31 | 29879.36 | 29879.33 | 29886.94 |
| EERIMAC,period=1800   | 29882.69 | 29882.74 | 29882.69 | 29882.67 | 29898.93 | 29901.64 | 29882.68 | 29882.71 | 29882.71 | 29882.72 | 29882.7  | 29881.17 | 29880.44 | 29875.77 | 29882.71 | 29882.66 | 29882.7  | 29882.73 | 29900.14 | 29891.2  | 29875.79 | 29882.69 | 29882.71 | 29891.22 | 29882.69 | 29880.43 | 29882.7  | 29882.72 | 29882.71 | 29880.45 |
| RIMAC,period=600      | 29820.47 | 29812.99 | 29820.51 | 29812.98 | 29816.45 | 29820.48 | 29820.48 | 29820.49 | 29820.5  | 29820.5  | 29820.48 | 29820.49 | 29824.5  | 29820.5  | 29820.47 | 29824.47 | 29825.11 | 29820.48 | 29820.48 | 29820.51 | 29815.87 | 29820.49 | 29820.47 | 29820.5  | 29820.49 | 29820.5  | 29820.47 | 29820.47 | 29824.5  | 29820.52 |
| RIMAC,period=900      | 29838.98 | 29834.39 | 29834.38 | 29853.4  | 29847.66 | 29834.39 | 29823.97 | 29834.38 | 29838.46 | 29834.4  | 29834.4  | 29837.86 | 29834.38 | 29834.4  | 29834.37 | 29834.37 | 29822.84 | 29844.8  | 29834.37 | 29834.38 | 29823.99 | 29823.99 | 29834.39 | 29834.38 | 29834.38 | 29834.38 | 29834.37 | 29834.38 | 29847.67 | 29834.39 |
| RIMAC,period=1200     | 29844.8  | 29844.82 | 29844.82 | 29844.79 | 29844.81 | 29844.81 | 29844.79 | 29854.63 | 29857.52 | 29844.84 | 29844.83 | 29854.04 | 29844.81 | 29844.82 | 29850.57 | 29841.33 | 29858.09 | 29844.82 | 29844.81 | 29870.27 | 29867.93 | 29844.82 | 29844.82 | 29844.82 | 29858.1  | 29854.05 | 29844.8  | 29844.81 | 29844.79 | 29838.49 |
| RIMAC,period=1500     | 29870.24 | 29861.03 | 29870.24 | 29881.22 | 29870.24 | 29870.26 | 29869.65 | 29870.26 | 29870.25 | 29870.28 | 29870.28 | 29870.23 | 29870.24 | 29870.27 | 29881.8  | 29861    | 29870.24 | 29870.26 | 29870.24 | 29870.28 | 29870.25 | 29870.25 | 29870.25 | 29870.23 | 29870.23 | 29870.23 | 29870.23 | 29870.25 | 29870.24 | 29881.26 |
| RIMAC,period=1800     | 29876.63 | 29876.67 | 29876.64 | 29876.62 | 29895.15 | 29876.63 | 29876.61 | 29876.65 | 29876.64 | 29876.64 | 29876.65 | 29876.63 | 29876.65 | 29869.7  | 29876.65 | 29876.62 | 29876.63 | 29876.65 | 29898.63 | 29885.92 | 29869.72 | 29876.63 | 29876.65 | 29876.66 | 29876.64 | 29876.65 | 29876.64 | 29876.66 | 29876.64 | 29876.66 |
| SWPTMAC,period=600    | 29824.83 | 29822.14 | 29822.14 | 29823.05 | 29821.03 | 29824.91 | 29823    | 29821.01 | 29823.06 | 29822.96 | 29822.94 | 29847.52 | 29834.28 | 29823.05 | 29824.82 | 29818.84 | 29846.82 | 29837.8  | 29823.09 | 29822.88 | 29819.98 | 29824.97 | 29823.03 | 29822.89 | 29849.31 | 29836.2  | 29822.99 | 29822.23 | 29821.1  | 29822.95 |
| SWPTMAC,period=900    | 29835.31 | 29835.62 | 29835.16 | 29876.29 | 29852.13 | 29834.84 | 29832.87 | 29834.86 | 29873.6  | 29833.25 | 29834.9  | 29835.79 | 29835.5  | 29835.19 | 29835.49 | 29834.64 | 29835.03 | 29848.13 | 29835.74 | 29835.29 | 29834.68 | 29835.81 | 29835.03 | 29835.49 | 29835.77 | 29835.06 | 29834.69 | 29832.65 | 29877.69 | 29849.03 |
| SWPTMAC,period=1200   | 29862.63 | 29868.76 | 29868.91 | 29868.97 | 29862.8  | 29862.91 | 29862.54 | 29852.52 | 29859.56 | 29862.72 | 29862.78 | 29880.9  | 29862.68 | 29862.81 | 29860.9  | 29862.79 | 29875.51 | 29859.37 | 29862.59 | 29857.31 | 29871.59 | 29862.6  | 29862.61 | 29862.64 | 29848.01 | 29881.89 | 29862.73 | 29854.58 | 29862.9  | 29862.71 |
| SWPTMAC,period=1500   | 29884.25 | 29878.58 | 29882.71 | 29892.19 | 29884.25 | 29884.26 | 29883.65 | 29883.88 | 29884.24 | 29884.25 | 29893.54 | 29883.47 | 29884.26 | 29884.24 | 29889.71 | 29879.26 | 29884.25 | 29884.25 | 29884.24 | 29884.26 | 29884.23 | 29884.24 | 29884.24 | 29884.24 | 29884.24 | 29884.25 | 29884.23 | 29884.27 | 29884.25 | 29888.33 |
| SWPTMAC,period=1800   | 29874.19 | 29874.12 | 29874.1  | 29874.04 | 29883.11 | 29874.23 | 29874.2  | 29874.32 | 29874.18 | 29874.2  | 29874.07 | 29872.71 | 29890.46 | 29874.18 | 29874.11 | 29874.05 | 29874.15 | 29874.15 | 29901.97 | 29874.2  | 29874.29 | 29874.07 | 29874.2  | 29874.02 | 29874.26 | 29874.18 | 29874.16 | 29874.23 | 29874.07 | 29874.07 |
+-----------------------+----------+----------+----------+----------+----------+----------+----------+----------+----------+----------+----------+----------+----------+----------+----------+----------+----------+----------+----------+----------+----------+----------+----------+----------+----------+----------+----------+----------+----------+----------+
ResourceManager:Remaining Energy - all values
+-------------------------+----------+----------+----------+----------+----------+----------+----------+----------+----------+----------+----------+----------+----------+----------+----------+----------+----------+----------+----------+----------+----------+----------+----------+----------+----------+----------+----------+----------+----------+----------+
|                         | 0=0      | 0=1      | 0=2      | 0=3      | 0=4      | 0=6      | 0=7      | 0=8      | 0=9      | 0=10     | 0=11     | 0=12     | 0=13     | 0=14     | 0=15     | 0=16     | 0=17     | 0=18     | 0=19     | 0=20     | 0=21     | 0=22     | 0=23     | 0=24     | 0=25     | 0=26     | 0=27     | 0=28     | 0=29     | 0=30     |
+-------------------------+----------+----------+----------+----------+----------+----------+----------+----------+----------+----------+----------+----------+----------+----------+----------+----------+----------+----------+----------+----------+----------+----------+----------+----------+----------+----------+----------+----------+----------+----------+
| BypassMAC,period=600 0  | 29755.2  | 29755.2  | 29755.2  | 29755.2  | 29755.2  | 29755.2  | 29755.2  | 29755.2  | 29755.2  | 29755.2  | 29755.2  | 29755.2  | 29755.2  | 29755.2  | 29755.2  | 29755.2  | 29755.2  | 29755.2  | 29755.2  | 29755.2  | 29755.2  | 29755.2  | 29755.2  | 29755.2  | 29755.2  | 29755.2  | 29755.2  | 29755.2  | 29755.2  | 29755.2  |
| BypassMAC,period=900 0  | 29755.2  | 29755.2  | 29755.2  | 29755.2  | 29755.2  | 29755.2  | 29755.2  | 29755.2  | 29755.2  | 29755.2  | 29755.2  | 29755.2  | 29755.2  | 29755.2  | 29755.2  | 29755.2  | 29755.2  | 29755.2  | 29755.2  | 29755.2  | 29755.2  | 29755.2  | 29755.2  | 29755.2  | 29755.2  | 29755.2  | 29755.2  | 29755.2  | 29755.2  | 29755.2  |
| BypassMAC,period=1200 0 | 29755.2  | 29755.2  | 29755.2  | 29755.2  | 29755.2  | 29755.2  | 29755.2  | 29755.2  | 29755.2  | 29755.2  | 29755.2  | 29755.2  | 29755.2  | 29755.2  | 29755.2  | 29755.2  | 29755.2  | 29755.2  | 29755.2  | 29755.2  | 29755.2  | 29755.2  | 29755.2  | 29755.2  | 29755.2  | 29755.2  | 29755.2  | 29755.2  | 29755.2  | 29755.2  |
| BypassMAC,period=1500 0 | 29755.2  | 29755.2  | 29755.2  | 29755.2  | 29755.2  | 29755.2  | 29755.2  | 29755.2  | 29755.2  | 29755.2  | 29755.2  | 29755.2  | 29755.2  | 29755.2  | 29755.2  | 29755.2  | 29755.2  | 29755.2  | 29755.2  | 29755.2  | 29755.2  | 29755.2  | 29755.2  | 29755.2  | 29755.2  | 29755.2  | 29755.2  | 29755.2  | 29755.2  | 29755.2  |
| BypassMAC,period=1800 0 | 29755.2  | 29755.2  | 29755.2  | 29755.2  | 29755.2  | 29755.2  | 29755.2  | 29755.2  | 29755.2  | 29755.2  | 29755.2  | 29755.2  | 29755.2  | 29755.2  | 29755.2  | 29755.2  | 29755.2  | 29755.2  | 29755.2  | 29755.2  | 29755.2  | 29755.2  | 29755.2  | 29755.2  | 29755.2  | 29755.2  | 29755.2  | 29755.2  | 29755.2  | 29755.2  |
| EERIMAC,period=600 0    | 29828.43 | 29816.4  | 29825.81 | 29822.54 | 29820.62 | 29828.43 | 29828.43 | 29814.87 | 29828.45 | 29828.46 | 29828.44 | 29850.5  | 29838.13 | 29828.46 | 29828.45 | 29838.11 | 29833.79 | 29828.43 | 29828.42 | 29828.45 | 29836.98 | 29828.46 | 29828.42 | 29828.45 | 29850.53 | 29834.97 | 29828.44 | 29827.67 | 29827.67 | 29828.45 |
| EERIMAC,period=900 0    | 29847.69 | 29842.32 | 29842.34 | 29865.14 | 29856.38 | 29831.95 | 29830.03 | 29842.34 | 29843.75 | 29839.71 | 29842.34 | 29845.07 | 29842.33 | 29842.36 | 29842.34 | 29852.72 | 29837.15 | 29851.99 | 29842.32 | 29842.35 | 29842.34 | 29831.94 | 29842.35 | 29842.33 | 29842.35 | 29842.33 | 29842.34 | 29839.69 | 29857.12 | 29839.69 |
| EERIMAC,period=1200 0   | 29865.12 | 29854.27 | 29854.28 | 29854.26 | 29855.47 | 29854.28 | 29851.99 | 29861.08 | 29862.44 | 29854.3  | 29854.29 | 29866.53 | 29854.28 | 29854.29 | 29863.08 | 29850.81 | 29859.6  | 29854.29 | 29854.26 | 29875.57 | 29873.62 | 29854.27 | 29854.29 | 29854.29 | 29859.62 | 29866.55 | 29854.27 | 29854.29 | 29854.26 | 29845.69 |
| EERIMAC,period=1500 0   | 29879.33 | 29866.72 | 29877.81 | 29887.3  | 29879.35 | 29879.35 | 29878.74 | 29878.97 | 29879.32 | 29879.35 | 29888.63 | 29878.56 | 29879.34 | 29879.36 | 29887.48 | 29868.2  | 29879.35 | 29879.35 | 29879.33 | 29879.35 | 29878.76 | 29879.33 | 29879.32 | 29879.33 | 29879.32 | 29879.33 | 29879.31 | 29879.36 | 29879.33 | 29886.94 |
| EERIMAC,period=1800 0   | 29882.69 | 29882.74 | 29882.69 | 29882.67 | 29898.93 | 29901.64 | 29882.68 | 29882.71 | 29882.71 | 29882.72 | 29882.7  | 29881.17 | 29880.44 | 29875.77 | 29882.71 | 29882.66 | 29882.7  | 29882.73 | 29900.14 | 29891.2  | 29875.79 | 29882.69 | 29882.71 | 29891.22 | 29882.69 | 29880.43 | 29882.7  | 29882.72 | 29882.71 | 29880.45 |
| RIMAC,period=600 0      | 29820.47 | 29812.99 | 29820.51 | 29812.98 | 29816.45 | 29820.48 | 29820.48 | 29820.49 | 29820.5  | 29820.5  | 29820.48 | 29820.49 | 29824.5  | 29820.5  | 29820.47 | 29824.47 | 29825.11 | 29820.48 | 29820.48 | 29820.51 | 29815.87 | 29820.49 | 29820.47 | 29820.5  | 29820.49 | 29820.5  | 29820.47 | 29820.47 | 29824.5  | 29820.52 |
| RIMAC,period=900 0      | 29838.98 | 29834.39 | 29834.38 | 29853.4  | 29847.66 | 29834.39 | 29823.97 | 29834.38 | 29838.46 | 29834.4  | 29834.4  | 29837.86 | 29834.38 | 29834.4  | 29834.37 | 29834.37 | 29822.84 | 29844.8  | 29834.37 | 29834.38 | 29823.99 | 29823.99 | 29834.39 | 29834.38 | 29834.38 | 29834.38 | 29834.37 | 29834.38 | 29847.67 | 29834.39 |
| RIMAC,period=1200 0     | 29844.8  | 29844.82 | 29844.82 | 29844.79 | 29844.81 | 29844.81 | 29844.79 | 29854.63 | 29857.52 | 29844.84 | 29844.83 | 29854.04 | 29844.81 | 29844.82 | 29850.57 | 29841.33 | 29858.09 | 29844.82 | 29844.81 | 29870.27 | 29867.93 | 29844.82 | 29844.82 | 29844.82 | 29858.1  | 29854.05 | 29844.8  | 29844.81 | 29844.79 | 29838.49 |
| RIMAC,period=1500 0     | 29870.24 | 29861.03 | 29870.24 | 29881.22 | 29870.24 | 29870.26 | 29869.65 | 29870.26 | 29870.25 | 29870.28 | 29870.28 | 29870.23 | 29870.24 | 29870.27 | 29881.8  | 29861    | 29870.24 | 29870.26 | 29870.24 | 29870.28 | 29870.25 | 29870.25 | 29870.25 | 29870.23 | 29870.23 | 29870.23 | 29870.23 | 29870.25 | 29870.24 | 29881.26 |
| RIMAC,period=1800 0     | 29876.63 | 29876.67 | 29876.64 | 29876.62 | 29895.15 | 29876.63 | 29876.61 | 29876.65 | 29876.64 | 29876.64 | 29876.65 | 29876.63 | 29876.65 | 29869.7  | 29876.65 | 29876.62 | 29876.63 | 29876.65 | 29898.63 | 29885.92 | 29869.72 | 29876.63 | 29876.65 | 29876.66 | 29876.64 | 29876.65 | 29876.64 | 29876.66 | 29876.64 | 29876.66 |
| SWPTMAC,period=600 0    | 29824.83 | 29822.14 | 29822.14 | 29823.05 | 29821.03 | 29824.91 | 29823    | 29821.01 | 29823.06 | 29822.96 | 29822.94 | 29847.52 | 29834.28 | 29823.05 | 29824.82 | 29818.84 | 29846.82 | 29837.8  | 29823.09 | 29822.88 | 29819.98 | 29824.97 | 29823.03 | 29822.89 | 29849.31 | 29836.2  | 29822.99 | 29822.23 | 29821.1  | 29822.95 |
| SWPTMAC,period=900 0    | 29835.31 | 29835.62 | 29835.16 | 29876.29 | 29852.13 | 29834.84 | 29832.87 | 29834.86 | 29873.6  | 29833.25 | 29834.9  | 29835.79 | 29835.5  | 29835.19 | 29835.49 | 29834.64 | 29835.03 | 29848.13 | 29835.74 | 29835.29 | 29834.68 | 29835.81 | 29835.03 | 29835.49 | 29835.77 | 29835.06 | 29834.69 | 29832.65 | 29877.69 | 29849.03 |
| SWPTMAC,period=1200 0   | 29862.63 | 29868.76 | 29868.91 | 29868.97 | 29862.8  | 29862.91 | 29862.54 | 29852.52 | 29859.56 | 29862.72 | 29862.78 | 29880.9  | 29862.68 | 29862.81 | 29860.9  | 29862.79 | 29875.51 | 29859.37 | 29862.59 | 29857.31 | 29871.59 | 29862.6  | 29862.61 | 29862.64 | 29848.01 | 29881.89 | 29862.73 | 29854.58 | 29862.9  | 29862.71 |
| SWPTMAC,period=1500 0   | 29884.25 | 29878.58 | 29882.71 | 29892.19 | 29884.25 | 29884.26 | 29883.65 | 29883.88 | 29884.24 | 29884.25 | 29893.54 | 29883.47 | 29884.26 | 29884.24 | 29889.71 | 29879.26 | 29884.25 | 29884.25 | 29884.24 | 29884.26 | 29884.23 | 29884.24 | 29884.24 | 29884.24 | 29884.24 | 29884.25 | 29884.23 | 29884.27 | 29884.25 | 29888.33 |
| SWPTMAC,period=1800 0   | 29874.19 | 29874.12 | 29874.1  | 29874.04 | 29883.11 | 29874.23 | 29874.2  | 29874.32 | 29874.18 | 29874.2  | 29874.07 | 29872.71 | 29890.46 | 29874.18 | 29874.11 | 29874.05 | 29874.15 | 29874.15 | 29901.97 | 29874.2  | 29874.29 | 29874.07 | 29874.2  | 29874.02 | 29874.26 | 29874.18 | 29874.16 | 29874.23 | 29874.07 | 29874.07 |
+-------------------------+----------+----------+----------+----------+----------+----------+----------+----------+----------+----------+----------+----------+----------+----------+----------+----------+----------+----------+----------+----------+----------+----------+----------+----------+----------+----------+----------+----------+----------+----------+

