CastaliaResults -i 230630-091441.txt -s remaining --all -c 95                                                              

ResourceManager:Remaining Energy
+-----------+----------+----------+----------+----------+----------+----------+----------+----------+----------+----------+----------+----------+----------+----------+----------+----------+----------+----------+----------+----------+
|           | 0=0      | 0=1      | 0=2      | 0=3      | 0=4      | 0=6      | 0=7      | 0=8      | 0=9      | 0=10     | 0=11     | 0=12     | 0=13     | 0=14     | 0=15     | 0=16     | 0=17     | 0=18     | 0=19     | 0=20     |
+-----------+----------+----------+----------+----------+----------+----------+----------+----------+----------+----------+----------+----------+----------+----------+----------+----------+----------+----------+----------+----------+
| BypassMAC | 29510.4  | 29510.4  | 29510.4  | 29510.4  | 29510.4  | 29510.4  | 29510.4  | 29510.4  | 29510.4  | 29510.4  | 29510.4  | 29510.4  | 29510.4  | 29510.4  | 29510.4  | 29510.4  | 29510.4  | 29510.4  | 29510.4  | 29510.4  |
| EERIMAC   | 29782.74 | 29784.31 | 29784.26 | 29800.89 | 29802.43 | 29784.25 | 29782.7  | 29798.63 | 29784.3  | 29784.29 | 29783.51 | 29784.25 | 29801.66 | 29784.24 | 29822.71 | 29784.21 | 29784.24 | 29763.33 | 29784.28 | 29784.32 |
| RIMAC     | 29777.06 | 29777.11 | 29777.06 | 29796.71 | 29796.75 | 29777.05 | 29777.03 | 29795.6  | 29777.09 | 29777.1  | 29777.08 | 29777.05 | 29796.74 | 29777.07 | 29781.15 | 29777.03 | 29777.05 | 29760.29 | 29777.08 | 29777.13 |
| SWPTMAC   | 29802.27 | 29803.83 | 29803.81 | 29804.84 | 29799.86 | 29803.89 | 29787.71 | 29801.31 | 29803.98 | 29804.51 | 29803.14 | 29803.85 | 29799.83 | 29803.8  | 29818.84 | 29803.82 | 29803.97 | 29807.69 | 29803.86 | 29804.11 |
+-----------+----------+----------+----------+----------+----------+----------+----------+----------+----------+----------+----------+----------+----------+----------+----------+----------+----------+----------+----------+----------+
ResourceManager:Remaining Energy - all values
+-------------+----------+----------+----------+----------+----------+----------+----------+----------+----------+----------+----------+----------+----------+----------+----------+----------+----------+----------+----------+----------+
|             | 0=0      | 0=1      | 0=2      | 0=3      | 0=4      | 0=6      | 0=7      | 0=8      | 0=9      | 0=10     | 0=11     | 0=12     | 0=13     | 0=14     | 0=15     | 0=16     | 0=17     | 0=18     | 0=19     | 0=20     |
+-------------+----------+----------+----------+----------+----------+----------+----------+----------+----------+----------+----------+----------+----------+----------+----------+----------+----------+----------+----------+----------+
| BypassMAC 0 | 29510.4  | 29510.4  | 29510.4  | 29510.4  | 29510.4  | 29510.4  | 29510.4  | 29510.4  | 29510.4  | 29510.4  | 29510.4  | 29510.4  | 29510.4  | 29510.4  | 29510.4  | 29510.4  | 29510.4  | 29510.4  | 29510.4  | 29510.4  |
| EERIMAC 0   | 29782.74 | 29784.31 | 29784.26 | 29800.89 | 29802.43 | 29784.25 | 29782.7  | 29798.63 | 29784.3  | 29784.29 | 29783.51 | 29784.25 | 29801.66 | 29784.24 | 29822.71 | 29784.21 | 29784.24 | 29763.33 | 29784.28 | 29784.32 |
| RIMAC 0     | 29777.06 | 29777.11 | 29777.06 | 29796.71 | 29796.75 | 29777.05 | 29777.03 | 29795.6  | 29777.09 | 29777.1  | 29777.08 | 29777.05 | 29796.74 | 29777.07 | 29781.15 | 29777.03 | 29777.05 | 29760.29 | 29777.08 | 29777.13 |
| SWPTMAC 0   | 29802.27 | 29803.83 | 29803.81 | 29804.84 | 29799.86 | 29803.89 | 29787.71 | 29801.31 | 29803.98 | 29804.51 | 29803.14 | 29803.85 | 29799.83 | 29803.8  | 29818.84 | 29803.82 | 29803.97 | 29807.69 | 29803.86 | 29804.11 |
+-------------+----------+----------+----------+----------+----------+----------+----------+----------+----------+----------+----------+----------+----------+----------+----------+----------+----------+----------+----------+----------+

