CastaliaResults -i 230427-082913.txt -s remaining --all -c 95                                                              

ResourceManager:Remaining Energy
+-----------------------+----------+----------+----------+----------+----------+----------+----------+----------+----------+----------+
|                       | 0=0      | 0=1      | 0=2      | 0=3      | 0=4      | 0=6      | 0=7      | 0=8      | 0=9      | 0=10     |
+-----------------------+----------+----------+----------+----------+----------+----------+----------+----------+----------+----------+
| BypassMAC,period=600  | 29632.8  | 29632.8  | 29632.8  | 29632.8  | 29632.8  | 29632.8  | 29632.8  | 29632.8  | 29632.8  | 29632.8  |
| BypassMAC,period=900  | 29632.8  | 29632.8  | 29632.8  | 29632.8  | 29632.8  | 29632.8  | 29632.8  | 29632.8  | 29632.8  | 29632.8  |
| BypassMAC,period=1200 | 29632.8  | 29632.8  | 29632.8  | 29632.8  | 29632.8  | 29632.8  | 29632.8  | 29632.8  | 29632.8  | 29632.8  |
| BypassMAC,period=1500 | 29632.8  | 29632.8  | 29632.8  | 29632.8  | 29632.8  | 29632.8  | 29632.8  | 29632.8  | 29632.8  | 29632.8  |
| BypassMAC,period=1800 | 29632.8  | 29632.8  | 29632.8  | 29632.8  | 29632.8  | 29632.8  | 29632.8  | 29632.8  | 29632.8  | 29632.8  |
| EERIMAC,period=600    | 29709.66 | 29725.94 | 29722.33 | 29723.18 | 29702.54 | 29723.2  | 29706.01 | 29723.14 | 29712.9  | 29723.2  |
| EERIMAC,period=900    | 29762.23 | 29737.06 | 29737.05 | 29782.9  | 29711.46 | 29721.54 | 29737.22 | 29767.43 | 29737.19 | 29741.91 |
| EERIMAC,period=1200   | 29750.7  | 29727.06 | 29750.79 | 29750.78 | 29750.78 | 29750.68 | 29750.77 | 29750.73 | 29781.36 | 29750.62 |
| EERIMAC,period=1500   | 29787.07 | 29804.12 | 29773.6  | 29764.78 | 29809.33 | 29795.74 | 29809.44 | 29764.8  | 29787.12 | 29742.42 |
| EERIMAC,period=1800   | 29778.69 | 29778.72 | 29799.43 | 29778.64 | 29778.67 | 29778.72 | 29778.65 | 29778.71 | 29778.69 | 29778.68 |
| RIMAC,period=600      | 29722.47 | 29704.9  | 29722.19 | 29722.5  | 29722.48 | 29722.5  | 29722.49 | 29722.5  | 29722.52 | 29722.5  |
| RIMAC,period=900      | 29761.4  | 29736.32 | 29736.29 | 29781.58 | 29710.85 | 29736.33 | 29736.52 | 29766.84 | 29736.67 | 29741.36 |
| RIMAC,period=1200     | 29749.85 | 29749.86 | 29749.83 | 29749.85 | 29749.84 | 29749.86 | 29749.83 | 29749.86 | 29773.67 | 29749.85 |
| RIMAC,period=1500     | 29786.13 | 29808.92 | 29772.5  | 29764.24 | 29808.9  | 29808.93 | 29808.87 | 29764.22 | 29786.55 | 29742.12 |
| RIMAC,period=1800     | 29778.24 | 29778.25 | 29798.99 | 29778.21 | 29778.25 | 29778.48 | 29778.23 | 29778.25 | 29778.25 | 29757.71 |
| SWPTMAC,period=600    | 29717.94 | 29712.32 | 29709.86 | 29717.26 | 29718.18 | 29718.1  | 29717.62 | 29719.73 | 29717.1  | 29717.03 |
| SWPTMAC,period=900    | 29729.04 | 29727.37 | 29726.07 | 29765.58 | 29732.71 | 29727.92 | 29748.37 | 29784.62 | 29773.29 | 29750.07 |
| SWPTMAC,period=1200   | 29769.05 | 29769.75 | 29768.91 | 29768.82 | 29771.92 | 29772.16 | 29755.05 | 29768.77 | 29769.47 | 29769.96 |
| SWPTMAC,period=1500   | 29790.46 | 29809.01 | 29790.7  | 29786.04 | 29809.09 | 29800.44 | 29814.17 | 29785.87 | 29790.32 | 29761.71 |
| SWPTMAC,period=1800   | 29768.05 | 29767.59 | 29813.64 | 29767.08 | 29768.17 | 29779.19 | 29768.67 | 29767.96 | 29768.35 | 29766.79 |
+-----------------------+----------+----------+----------+----------+----------+----------+----------+----------+----------+----------+
ResourceManager:Remaining Energy - all values
+-------------------------+----------+----------+----------+----------+----------+----------+----------+----------+----------+----------+
|                         | 0=0      | 0=1      | 0=2      | 0=3      | 0=4      | 0=6      | 0=7      | 0=8      | 0=9      | 0=10     |
+-------------------------+----------+----------+----------+----------+----------+----------+----------+----------+----------+----------+
| BypassMAC,period=600 0  | 29632.8  | 29632.8  | 29632.8  | 29632.8  | 29632.8  | 29632.8  | 29632.8  | 29632.8  | 29632.8  | 29632.8  |
| BypassMAC,period=900 0  | 29632.8  | 29632.8  | 29632.8  | 29632.8  | 29632.8  | 29632.8  | 29632.8  | 29632.8  | 29632.8  | 29632.8  |
| BypassMAC,period=1200 0 | 29632.8  | 29632.8  | 29632.8  | 29632.8  | 29632.8  | 29632.8  | 29632.8  | 29632.8  | 29632.8  | 29632.8  |
| BypassMAC,period=1500 0 | 29632.8  | 29632.8  | 29632.8  | 29632.8  | 29632.8  | 29632.8  | 29632.8  | 29632.8  | 29632.8  | 29632.8  |
| BypassMAC,period=1800 0 | 29632.8  | 29632.8  | 29632.8  | 29632.8  | 29632.8  | 29632.8  | 29632.8  | 29632.8  | 29632.8  | 29632.8  |
| EERIMAC,period=600 0    | 29709.66 | 29725.94 | 29722.33 | 29723.18 | 29702.54 | 29723.2  | 29706.01 | 29723.14 | 29712.9  | 29723.2  |
| EERIMAC,period=900 0    | 29762.23 | 29737.06 | 29737.05 | 29782.9  | 29711.46 | 29721.54 | 29737.22 | 29767.43 | 29737.19 | 29741.91 |
| EERIMAC,period=1200 0   | 29750.7  | 29727.06 | 29750.79 | 29750.78 | 29750.78 | 29750.68 | 29750.77 | 29750.73 | 29781.36 | 29750.62 |
| EERIMAC,period=1500 0   | 29787.07 | 29804.12 | 29773.6  | 29764.78 | 29809.33 | 29795.74 | 29809.44 | 29764.8  | 29787.12 | 29742.42 |
| EERIMAC,period=1800 0   | 29778.69 | 29778.72 | 29799.43 | 29778.64 | 29778.67 | 29778.72 | 29778.65 | 29778.71 | 29778.69 | 29778.68 |
| RIMAC,period=600 0      | 29722.47 | 29704.9  | 29722.19 | 29722.5  | 29722.48 | 29722.5  | 29722.49 | 29722.5  | 29722.52 | 29722.5  |
| RIMAC,period=900 0      | 29761.4  | 29736.32 | 29736.29 | 29781.58 | 29710.85 | 29736.33 | 29736.52 | 29766.84 | 29736.67 | 29741.36 |
| RIMAC,period=1200 0     | 29749.85 | 29749.86 | 29749.83 | 29749.85 | 29749.84 | 29749.86 | 29749.83 | 29749.86 | 29773.67 | 29749.85 |
| RIMAC,period=1500 0     | 29786.13 | 29808.92 | 29772.5  | 29764.24 | 29808.9  | 29808.93 | 29808.87 | 29764.22 | 29786.55 | 29742.12 |
| RIMAC,period=1800 0     | 29778.24 | 29778.25 | 29798.99 | 29778.21 | 29778.25 | 29778.48 | 29778.23 | 29778.25 | 29778.25 | 29757.71 |
| SWPTMAC,period=600 0    | 29717.94 | 29712.32 | 29709.86 | 29717.26 | 29718.18 | 29718.1  | 29717.62 | 29719.73 | 29717.1  | 29717.03 |
| SWPTMAC,period=900 0    | 29729.04 | 29727.37 | 29726.07 | 29765.58 | 29732.71 | 29727.92 | 29748.37 | 29784.62 | 29773.29 | 29750.07 |
| SWPTMAC,period=1200 0   | 29769.05 | 29769.75 | 29768.91 | 29768.82 | 29771.92 | 29772.16 | 29755.05 | 29768.77 | 29769.47 | 29769.96 |
| SWPTMAC,period=1500 0   | 29790.46 | 29809.01 | 29790.7  | 29786.04 | 29809.09 | 29800.44 | 29814.17 | 29785.87 | 29790.32 | 29761.71 |
| SWPTMAC,period=1800 0   | 29768.05 | 29767.59 | 29813.64 | 29767.08 | 29768.17 | 29779.19 | 29768.67 | 29767.96 | 29768.35 | 29766.79 |
+-------------------------+----------+----------+----------+----------+----------+----------+----------+----------+----------+----------+

